Epoch	AverageEpRet	StdEpRet	MaxEpRet	MinEpRet	AverageEpCost	StdEpCost	MaxEpCost	MinEpCost	EpLen	CumulativeCost	CostRate	AverageVVals	StdVVals	MaxVVals	MinVVals	AverageCostVVals	StdCostVVals	MaxCostVVals	MinCostVVals	LossPi	DeltaLossPi	SurrCost	DeltaSurrCost	LossV	DeltaLossV	LossVC	DeltaLossVC	Penalty	DeltaPenalty	Alpha	BacktrackIters	Entropy	KL	TotalEnvInteracts	Time
0	-287.54202	108.69923	-77.276054	-495.11456	1646.5	2023.3716	5530.0	0.0	1000.0	32930.0	1.6465	0.69929886	0.4511447	2.0111656	-1.3606917	-0.4061814	0.2404047	0.82843405	-1.347798	-7.461547e-07	-0.65536726	-1.5625e-06	-1.2871424	858.4564	-710.59595	82109.555	-10503.484	0.99999994	0.03189546	0.029711708	0.0	1.837877	0.00856163	20000.0	199.14511632919312
1	-329.24908	79.65308	-181.06738	-520.64465	1015.5	1606.2456	4450.0	0.0	1000.0	53240.0	1.331	-26.033094	1.3827052	15.468303	-26.442009	39.667187	1.1838036	39.794937	-25.486088	1.4156834e-06	-0.5309073	2.734375e-06	-1.0295728	109.314835	-40.73294	43217.926	-1315.9883	1.0318954	0.03115213	0.03593374	0.0	1.8483183	0.009269027	40000.0	394.375084400177
2	-310.01764	125.77467	-70.60866	-649.1188	1090.0	1901.5703	5550.0	0.0	1000.0	75040.0	1.2506666666666666	-32.2143	1.2225158	2.7921405	-32.52154	52.052143	1.5220778	52.196957	-33.94893	7.814574e-07	-0.5557992	1.5625e-06	-1.0617961	151.9025	-2.9876404	49379.13	-955.5469	1.0630475	0.031666398	0.0330513	0.0	1.8569618	0.008225908	60000.0	589.5128409862518
3	-306.6705	119.39706	-56.597466	-508.13663	1645.5	2526.7737	8080.0	0.0	1000.0	107950.0	1.349375	-31.119247	0.8015425	-1.0768095	-31.29068	63.198338	1.8490136	63.350224	-38.731533	-3.6418288e-07	-0.74655694	-7.080078e-07	-1.4079282	132.65996	-0.73231506	87100.2	-3519.5625	1.0947139	0.032785058	0.024806127	0.0	1.828994	0.008947855	80000.0	783.1315660476685
4	-324.4067	107.25868	-135.76122	-575.6041	1199.5	1952.6968	5380.0	0.0	1000.0	131940.0	1.3194	-30.693241	0.8266224	11.556458	-30.853945	84.389435	1.4620852	84.49438	-31.299269	-8.194629e-07	-0.61661905	-1.5625e-06	-1.1454931	110.3641	-2.631195	55320.723	-505.8047	1.127499	0.033220768	0.031792954	0.0	1.8088709	0.009570231	100000.0	976.5395863056183
5	-347.42886	126.62216	-121.53347	-557.4759	456.0	933.667	3170.0	0.0	1000.0	141060.0	1.1755	-32.22862	0.6406306	-4.508613	-32.357224	91.932175	8.532347	93.25692	-85.86828	-3.288843e-07	-0.36371502	-5.859375e-07	-0.66728026	157.62024	-6.3606415	17636.422	-2260.3691	1.1607198	0.03135979	0.050031412	0.0	1.8201554	0.009202528	120000.0	1170.7656199932098
6	-306.02997	120.15682	-64.93427	-464.4808	544.0	1100.7015	3550.0	0.0	1000.0	151940.0	1.0852857142857142	-34.582214	0.96752393	7.726332	-34.75695	49.886868	16.68765	82.038864	-60.733093	-8.608439e-07	-0.38369823	-1.5625e-06	-0.69707733	150.51733	-13.474976	18935.053	-477.47266	1.1920795	0.030389309	0.048700627	0.0	1.7785151	0.008811485	140000.0	1364.8428630828857
7	-273.26367	98.33218	-64.14963	-474.8999	1071.0	2009.0542	5670.0	0.0	1000.0	173360.0	1.0835	-30.976097	0.95987487	3.242376	-31.234041	45.212505	6.122535	76.17036	-38.04036	-1.9289635e-06	-0.6327665	-3.515625e-06	-1.1356668	107.79864	-11.778297	57093.793	-4408.551	1.2224689	0.031398296	0.028074596	0.0	1.7411242	0.008535279	160000.0	1559.6070244312286
8	-307.04584	122.91317	-64.15272	-507.40897	213.5	890.1925	4090.0	0.0	1000.0	177630.0	0.9868333333333333	-27.718628	0.5831929	-5.13113	-27.88908	72.24008	26.474642	99.60054	-76.080795	3.313837e-07	-0.30840018	5.859375e-07	-0.54705274	147.50877	-9.39473	10220.42	-2793.6665	1.2538671	0.029196978	0.06016463	0.0	1.7394226	0.008788309	180000.0	1753.0758037567139
9	-293.46103	106.72753	-143.95097	-541.2742	1200.0	1786.6953	6500.0	0.0	1000.0	201630.0	1.00815	-30.447935	1.0917417	9.408967	-30.874172	24.929213	19.024376	88.61646	-55.636692	4.5509668e-07	-0.70014507	7.8125e-07	-1.233729	110.38626	-2.735077	66278.43	-9914.723	1.2830641	0.030810118	0.02618184	0.0	1.740361	0.008899935	200000.0	1947.3136250972748
10	-271.28644	108.00988	-45.645374	-451.03976	429.0	1314.1267	5130.0	0.0	1000.0	210210.0	0.9555	-29.353062	1.3441777	8.305456	-30.141346	81.606865	30.346855	108.79966	-61.377068	6.6014366e-07	-0.4151921	1.171875e-06	-0.724693	113.23764	-8.30584	21962.348	-2004.0762	1.3138742	0.02981174	0.044704817	0.0	1.7300501	0.008721057	220000.0	2141.964682340622
11	-249.3135	118.67247	-70.57896	-480.72067	644.0	1526.6414	5720.0	0.0	1000.0	223090.0	0.9295416666666667	-27.267603	1.5539751	2.031019	-29.891035	50.59798	17.39812	107.54984	-19.534948	4.6613724e-07	-0.5617325	7.8125e-07	-0.970243	133.7917	-14.553825	37744.71	-1149.0195	1.343686	0.029831648	0.033579897	0.0	1.731436	0.008593447	240000.0	2338.0485146045685
12	-280.3405	96.2551	-137.56033	-484.5519	518.5	959.91284	2840.0	0.0	1000.0	233460.0	0.8979230769230769	-25.21497	2.6435156	0.82508916	-30.166199	56.328938	9.259049	99.630066	-41.992954	-2.311916e-07	-0.42405355	-3.90625e-07	-0.72755945	96.56817	-15.032997	13711.496	-254.70898	1.3735176	0.029431224	0.04356384	0.0	1.7505271	0.0088101	260000.0	2532.9781019687653
13	-255.82329	80.6938	-126.62297	-373.69305	890.5	1479.674	4830.0	0.0	1000.0	251270.0	0.8973928571428571	-27.41112	2.3346672	-9.054929	-31.61926	48.507805	9.052336	104.76453	-41.51511	-5.8032083e-07	-0.48409012	-9.765625e-07	-0.82247365	69.840775	-9.056637	36099.117	-1314.4375	1.4029489	0.03044784	0.03913799	0.0	1.7229147	0.008736895	280000.0	2727.4503378868103
14	-235.03687	77.66143	-114.114914	-381.9084	509.0	1215.0344	4370.0	0.0	1000.0	261450.0	0.8715	-25.950436	2.231211	-12.157307	-31.095264	71.67888	11.768102	110.95846	21.627172	-8.254099e-07	-0.4540607	-1.3671875e-06	-0.76514256	62.575188	-10.118557	22952.127	-806.7832	1.4333967	0.030033588	0.04064735	0.0	1.7265363	0.009426447	300000.0	2923.488296508789
15	-308.46585	128.90723	-90.551125	-509.5059	250.5	858.3383	3910.0	0.0	1000.0	266460.0	0.8326875	-23.715986	2.845771	-10.357347	-30.524496	52.249363	14.054729	114.14148	-19.360563	-9.910595e-09	-0.29834586	0.0	-0.49839842	193.98839	-56.16501	10281.238	-946.9297	1.4634303	0.028570175	0.06107014	0.0	1.7358389	0.009380841	320000.0	3118.5691390037537
16	-274.98444	111.125565	-91.128296	-514.7834	65.5	170.10217	650.0	0.0	1000.0	267770.0	0.7875588235294118	-30.209845	2.8398871	-10.252127	-34.701847	33.76686	6.9123793	85.73736	-33.401455	5.8468352e-08	-0.11830243	9.765625e-08	-0.19495007	118.5396	-19.65284	1513.6624	-709.08466	1.4920005	0.02633977	0.15007147	0.0	1.7383109	0.008840116	340000.0	3312.5883469581604
17	-316.7465	130.17001	-95.91399	-576.1147	749.5	1556.1572	6620.0	0.0	1000.0	282760.0	0.7854444444444444	-28.234253	3.3709197	1.3500646	-34.374535	11.779481	3.4222555	73.52772	-33.781364	-1.658285e-06	-0.49382296	-2.734375e-06	-0.8133051	165.22961	-28.607162	37206.68	-2369.1133	1.5183402	0.02742815	0.037458602	0.0	1.7474887	0.009203364	360000.0	3506.585328578949
18	-245.04123	92.5658	-74.710106	-406.54047	480.5	1167.3065	4090.0	0.0	1000.0	292370.0	0.7693947368421052	-30.92165	4.0359497	-1.244963	-38.3683	41.000294	2.079904	94.70583	5.3347692	-1.13797014e-07	-0.40056044	-1.953125e-07	-0.65447325	114.95038	-43.13996	19183.184	-79.75781	1.5457684	0.02733171	0.04755328	0.0	1.7512696	0.009424929	380000.0	3700.30583524704
19	-322.8945	123.60548	-113.02886	-601.153	730.0	1378.6697	4020.0	0.0	1000.0	306970.0	0.767425	-25.503305	2.8600166	3.237311	-32.819466	45.523655	1.9374474	91.314384	25.541708	-1.4328838e-06	-0.45436347	-2.34375e-06	-0.73784375	172.46385	-54.713203	25081.105	-1115.959	1.5731001	0.028328419	0.04105159	0.0	1.7836782	0.008954022	400000.0	3895.1011879444122
20	-337.26855	163.07364	-90.255394	-644.5484	547.0	1379.9205	4920.0	0.0	1000.0	317910.0	0.7569285714285714	-31.741575	3.552169	6.3028984	-38.058178	64.231705	6.665508	103.52664	-76.05832	-3.489696e-07	-0.42723343	-5.859375e-07	-0.6888947	237.19533	-60.781662	21981.406	-191.8457	1.6014285	0.028501272	0.04388208	0.0	1.7927141	0.0089589795	420000.0	4089.82466173172
21	-340.51514	94.03568	-221.80144	-567.18524	371.0	1111.2374	4970.0	0.0	1000.0	325330.0	0.7393863636363637	-32.824062	5.650407	-5.7386017	-45.735744	57.009632	6.843576	94.66367	2.935116	2.46736e-07	-0.40771794	3.90625e-07	-0.6530977	93.80948	-33.726646	21241.94	-356.1914	1.6299298	0.027885437	0.0441614	0.0	1.7958127	0.00879675	440000.0	4283.628108024597
22	-292.12323	99.31384	-97.19931	-514.9183	873.5	1639.7172	5410.0	0.0	1000.0	342800.0	0.7452173913043478	-33.162937	4.9372425	-11.437051	-47.147606	47.83084	6.5918045	109.95531	5.406828	4.5928816e-09	-0.66402614	0.0	-1.0585011	104.18038	-40.247513	42524.168	-1638.9023	1.6578152	0.029526472	0.0290885	0.0	1.794389	0.00910687	460000.0	4478.141750574112
23	-298.20093	103.86909	-89.24976	-483.67526	703.5	1204.4346	4060.0	0.0	1000.0	356870.0	0.7434791666666667	-30.1206	5.3221974	-9.9104185	-49.49419	77.84155	8.42716	122.89702	42.591812	-9.719856e-07	-0.44276318	-1.5625e-06	-0.6995586	81.037	-24.142529	21644.39	-278.03125	1.6873417	0.030344963	0.043643072	0.0	1.8167305	0.008976394	480000.0	4672.542671203613
24	-273.148	102.933815	-62.177288	-423.70197	710.5	1382.8755	4240.0	0.0	1000.0	371080.0	0.74216	-29.512966	5.657479	-10.923074	-47.536385	71.32705	4.734601	109.22536	21.402449	7.300232e-07	-0.52729905	1.1230469e-06	-0.8283993	86.76896	-31.649746	28994.791	-558.6953	1.7176867	0.03114438	0.03629885	0.0	1.8394039	0.008926504	500000.0	4876.607594490051
25	-289.1938	117.31422	-138.87437	-551.2961	678.0	1467.9564	6130.0	0.0	1000.0	384640.0	0.7396923076923076	-26.467648	5.871953	-5.6502857	-45.500206	70.207146	8.159878	118.8736	-9.303051	-4.440808e-09	-0.6669611	0.0	-1.0412289	114.8137	-43.970726	31631.309	-1058.4277	1.748831	0.031760097	0.026649194	0.0	1.8460298	0.008499489	520000.0	5070.669229745865
26	-284.5836	141.04587	-72.460434	-574.5187	1341.5	1848.2241	4810.0	0.0	1000.0	411470.0	0.7619814814814815	-29.594221	7.0407104	-7.7818294	-52.57336	59.04568	16.023155	112.459404	-35.993767	-2.011016e-06	-0.7782813	-3.125e-06	-1.2063031	134.09818	-47.942078	52110.965	-5276.0703	1.7805911	0.034713626	0.024911743	0.0	1.8466678	0.009227726	540000.0	5264.585640668869
27	-303.24432	126.69731	-123.55329	-559.54504	25.5	111.151924	510.0	0.0	1000.0	411980.0	0.7356785714285714	-29.11822	8.367572	-4.37825	-56.588375	123.35011	8.01552	133.60027	-3.0102284	1.4658167e-07	-0.08379023	2.4414064e-07	-0.12831491	137.0611	-50.166794	12648.293	-10745.183	1.8153048	0.03183663	0.2372577	0.0	1.8614388	0.009146304	560000.0	5458.7414290905
28	-284.88104	127.85794	-82.28653	-575.58044	598.0	1264.1227	4950.0	0.0	1000.0	423940.0	0.7309310344827586	-29.964678	7.1342936	-9.419429	-56.062458	47.190414	3.9427295	90.42776	-1.8205352	1.3916992e-06	-0.45214576	2.1484375e-06	-0.6924789	125.920715	-45.35337	22722.375	-148.16797	1.8471414	0.032047033	0.041886326	0.0	1.88917	0.008586716	580000.0	5652.843104839325
29	-293.4445	109.82487	-66.09621	-470.03073	1282.5	2116.0125	7380.0	0.0	1000.0	449590.0	0.7493166666666666	-29.250505	7.5504436	-8.415999	-54.099033	51.7861	2.288836	101.78836	22.97796	5.056664e-07	-0.6743981	7.8125e-07	-1.0272094	83.011284	-30.778595	69034.02	-4234.9062	1.8791884	0.034919143	0.027634935	0.0	1.8888304	0.008747837	600000.0	5847.909852743149
30	-307.09576	116.9741	-94.391594	-525.2702	531.5	1285.1041	4970.0	0.0	1000.0	460220.0	0.7422903225806452	-29.521376	7.525877	6.1888127	-50.661957	88.36644	1.579272	109.01854	-26.983723	5.1577575e-07	-0.44343045	7.8125e-07	-0.67142266	123.09653	-50.924713	24663.447	-737.17773	1.9141076	0.03453791	0.041230634	0.0	1.900347	0.008250643	620000.0	6042.873516321182
31	-314.17267	114.140076	-124.49064	-489.7953	1059.0	1853.5935	4870.0	0.0	1000.0	481400.0	0.7521875	-30.765732	6.7554817	-8.133029	-52.81186	74.6213	1.3789593	98.03213	-13.189883	5.1733275e-07	-0.7284059	7.8125e-07	-1.0956734	110.14854	-37.840042	46365.44	-668.53125	1.9486455	0.0364002	0.026111374	0.0	1.9200822	0.009111658	640000.0	6237.751513957977
32	-293.72275	124.558075	-110.689354	-498.4258	863.0	1758.2351	5890.0	0.0	1000.0	498660.0	0.7555454545454545	-30.922232	7.209785	-10.041629	-54.987484	87.29911	2.2513227	104.90203	-85.64426	-1.9441432e-06	-0.61679	-2.9296875e-06	-0.9223478	107.88029	-35.04696	33763.574	-78.37891	1.9850457	0.03732419	0.02954198	0.0	1.8999391	0.008700832	660000.0	6432.665624141693
33	-280.7586	121.799904	-64.09609	-461.66754	1053.5	1666.047	4750.0	0.0	1000.0	519730.0	0.7643088235294118	-28.97244	7.75396	-3.4370635	-51.402397	85.563866	4.1984615	109.285126	-43.530025	1.0571334e-06	-0.7103676	1.5625e-06	-1.0549809	95.474785	-33.822784	44602.03	-598.66797	2.0223699	0.038906336	0.02707913	0.0	1.8899322	0.00877622	680000.0	6627.307822227478
34	-276.75848	111.51362	-56.626568	-494.1241	595.0	1325.1206	5170.0	0.0	1000.0	531630.0	0.7594714285714286	-28.762346	7.6821065	1.0360521	-54.898815	93.12305	5.638711	120.16592	-62.181793	-5.320273e-07	-0.5136996	-7.8125e-07	-0.75850785	121.33644	-67.35324	23678.076	-1361.1836	2.0612762	0.03846574	0.036702678	0.0	1.879292	0.008939188	700000.0	6821.737270832062
35	-301.39185	115.856064	-99.61316	-464.88754	1022.5	1876.451	5860.0	0.0	1000.0	552080.0	0.7667777777777778	-27.984663	7.779152	-4.100468	-53.495747	57.600243	10.994313	87.561356	-33.678684	5.3216644e-07	-0.6974795	7.8125e-07	-1.0229868	98.0731	-39.50898	45629.324	-2733.1719	2.099742	0.039870262	0.028514119	0.0	1.8821281	0.009138198	720000.0	7016.882777929306
36	-258.9324	105.62419	-111.90663	-466.64117	865.0	1894.9076	7120.0	0.0	1000.0	569380.0	0.7694324324324324	-27.527113	8.508417	-0.339643	-50.681305	74.394135	30.394121	102.512	-62.249386	-3.88807e-09	-0.66324794	0.0	-0.96736073	102.8144	-42.618	43776.223	-1370.9102	2.1396122	0.040519	0.028518545	0.0	1.8974105	0.008715932	740000.0	7211.615392208099
37	-309.13474	99.23279	-108.21842	-461.31586	343.5	698.29987	2790.0	0.0	1000.0	576250.0	0.7582236842105263	-28.173098	5.8673625	-7.4874144	-51.295547	69.27241	37.18806	116.89863	-83.34906	-4.009683e-07	-0.4006527	-5.859375e-07	-0.5808023	87.74779	-36.939137	8979.94	-2007.5732	2.1801312	0.03874588	0.04911487	0.0	1.9095557	0.009397197	760000.0	7405.908090829849
38	-279.20905	118.018845	-92.38932	-508.3609	842.5	1260.186	3760.0	0.0	1000.0	593100.0	0.7603846153846154	-29.63554	7.555157	-4.00351	-49.525257	33.229248	14.610399	93.798676	-47.43707	-1.0083425e-06	-0.59117424	-1.4648438e-06	-0.85331523	98.90235	-34.878662	30132.922	-3069.414	2.218877	0.039471865	0.030792903	0.0	1.9279923	0.008940185	780000.0	7599.802557229996
39	-343.66534	97.75093	-185.79192	-502.40344	577.0	1541.3633	6140.0	0.0	1000.0	604640.0	0.7558	-30.127869	6.9882274	-7.4325733	-51.817074	71.395836	30.057772	113.43438	-73.45009	-1.2253574e-06	-0.59876394	-1.7578125e-06	-0.85973597	97.29167	-45.333492	32362.982	-2603.9297	2.258349	0.03894329	0.03027307	0.0	1.8869231	0.008649647	800000.0	7793.467013120651
40	-342.2228	100.41703	-122.05913	-576.7359	572.0	1167.0502	4480.0	0.0	1000.0	616080.0	0.7513170731707317	-34.678085	5.5254703	-1.4225947	-55.090412	53.784443	19.01158	119.44509	-56.77157	5.480153e-07	-0.527734	7.8125e-07	-0.75381875	80.45871	-27.15466	24462.96	-2029.0273	2.2972922	0.038456917	0.036301896	0.0	1.9167411	0.009225031	820000.0	7988.654667139053
41	-279.39456	98.804855	-70.39872	-427.85867	966.0	1807.2975	5720.0	0.0	1000.0	635400.0	0.7564285714285715	-32.301304	7.1859484	-5.990128	-53.260773	50.721275	26.90163	116.20684	-44.121067	-1.0913449e-06	-0.8210802	-1.5625e-06	-1.1667489	88.275566	-38.948555	48576.61	-3066.75	2.3357491	0.03983426	0.02279731	0.0	1.9371307	0.00856231	840000.0	8182.706851005554
42	-266.98712	96.52753	-114.28957	-493.2795	669.5	1310.2308	4900.0	0.0	1000.0	648790.0	0.754406976744186	-27.868662	6.62579	-0.52470946	-54.125282	85.674324	27.261412	128.88538	-57.73091	-5.5071257e-07	-0.6412142	-7.8125e-07	-0.9064328	69.56193	-28.124691	31414.35	-2777.5625	2.3755834	0.03974867	0.028895065	0.0	1.9466083	0.008519046	860000.0	8376.859817028046
43	-319.54373	103.92881	-119.23966	-523.26746	698.0	1196.3093	4100.0	0.0	1000.0	662750.0	0.753125	-27.993979	6.0684886	-9.942746	-52.209362	59.309658	27.039417	144.55624	-15.47229	-5.361279e-09	-0.5221409	0.0	-0.7343527	104.488304	-50.178005	22260.51	-1554.9199	2.415332	0.039824963	0.03816875	0.0	1.9259827	0.008866186	880000.0	8571.309203147888
44	-308.6341	157.36234	-70.30219	-684.6777	591.5	1165.7755	4330.0	0.0	1000.0	674580.0	0.7495333333333334	-30.080862	8.18244	-5.5925536	-56.501675	67.62613	21.473413	143.12682	5.7912073	1.3211042e-06	-0.5218034	1.8554688e-06	-0.73136854	163.13359	-66.6177	22567.557	-1660.0723	2.455157	0.03939295	0.037275795	0.0	1.921204	0.008971883	900000.0	8765.850540399551
45	-333.2677	123.263374	-134.5222	-547.20233	325.5	832.9974	3420.0	0.0	1000.0	681090.0	0.7403152173913043	-33.38941	9.1388855	-7.4566517	-58.554665	57.23979	20.30005	140.98125	-69.30308	3.5030135e-07	-0.4123822	4.882813e-07	-0.57528836	147.81474	-67.857864	11999.096	-1328.2344	2.49455	0.037631273	0.046278764	0.0	1.9009945	0.008834676	920000.0	8961.044236421585
46	-331.27264	125.90378	-125.145164	-551.18616	964.5	1655.2928	5620.0	0.0	1000.0	700380.0	0.7450851063829788	-32.661377	8.0342655	-4.0551057	-61.50566	34.365353	14.256248	121.04345	-29.645329	1.1175467e-06	-0.6894589	1.5625e-06	-0.9579164	109.94833	-39.58686	46754.363	-6182.1133	2.5321813	0.039245844	0.027015883	0.0	1.9021599	0.008259207	940000.0	9155.580311536789
47	-270.86807	125.59199	-108.5151	-610.81903	1006.0	1390.7422	4200.0	0.0	1000.0	720500.0	0.7505208333333333	-31.607807	8.516017	-7.7160506	-63.077854	87.115814	32.5328	152.00172	-13.581983	8.4545894e-07	-0.83156914	1.171875e-06	-1.1504986	139.33151	-66.72063	40573.773	-3750.8438	2.571427	0.040886164	0.022748303	0.0	1.8923662	0.008760261	960000.0	9349.96768283844
48	-323.65402	99.41754	-136.73343	-575.5026	419.0	838.2714	3010.0	0.0	1000.0	728880.0	0.7437551020408163	-29.346794	8.04224	-1.2937653	-57.150433	87.98685	37.613605	157.45795	-90.100235	1.3786469e-07	-0.61626005	1.953125e-07	-0.8490904	103.02321	-52.673084	23068.73	-3998.4805	2.6123133	0.0394845	0.03208142	0.0	1.9019663	0.00896913	980000.0	9544.83681178093
49	-281.79498	93.48556	-95.96251	-441.84662	563.0	1039.9956	3260.0	0.0	1000.0	740140.0	0.74014	-32.49358	7.2740116	0.53031445	-60.50775	34.645473	18.302515	119.373535	-60.84358	1.4141072e-07	-0.4855607	1.953125e-07	-0.6665123	99.059814	-52.71344	18469.166	-2232.0186	2.6517978	0.0389843	0.037277825	0.0	1.8921475	0.008823578	1000000.0	9739.680230140686
50	-339.659	131.7863	-127.75419	-577.7313	36.5	95.14594	350.0	0.0	1000.0	740870.0	0.726343137254902	-29.665924	6.681784	-0.9244961	-56.715206	50.808483	31.919024	136.6272	-43.810585	3.042399e-07	-0.24498972	4.1503907e-07	-0.33449775	141.39087	-71.43569	3157.0476	-2554.0723	2.690782	0.035589933	0.07762184	0.0	1.839695	0.00908206	1020000.0	9934.543441295624
51	-342.005	83.40638	-182.06941	-475.1382	566.0	1161.475	4860.0	0.0	1000.0	752190.0	0.7232596153846154	-34.87142	7.7425475	-10.033158	-59.395737	10.021711	9.680812	76.527985	-26.341982	-7.3496864e-08	-0.5370522	-9.765625e-08	-0.7317657	76.23576	-36.71511	22778.496	-3309.6074	2.726372	0.03550625	0.03493771	0.0	1.8258553	0.0087924	1040000.0	10128.21750831604
52	-324.66	150.7967	-90.096664	-688.1705	676.0	1162.8817	3690.0	0.0	1000.0	765710.0	0.7223679245283019	-33.539536	6.6993103	-8.100188	-57.196274	45.24899	24.904665	134.55214	-28.313368	-1.0070003e-06	-0.6769081	-1.3671875e-06	-0.9190717	169.64877	-74.001144	26767.65	-2649.0684	2.7618783	0.036036015	0.027013179	0.0	1.8046161	0.00862668	1060000.0	10322.437621831894
53	-338.05612	124.46917	-119.564674	-522.8319	530.0	867.1678	2790.0	0.0	1000.0	776310.0	0.7188055555555556	-33.859566	9.581103	-5.6154103	-62.110714	66.038185	34.501137	156.602	-12.686832	-8.5970163e-07	-0.47005257	-1.171875e-06	-0.6358297	119.17995	-50.31195	17197.438	-2283.921	2.7979143	0.03574133	0.03992426	0.0	1.787102	0.008788152	1080000.0	10516.741347551346
54	-363.05386	147.85515	-114.3671	-659.4623	703.5	1898.3763	8060.0	0.0	1000.0	790380.0	0.7185272727272727	-34.984673	9.8415785	-2.0593276	-63.161026	50.33962	20.756481	143.38815	-14.2873955	8.717665e-07	-0.6328881	1.171875e-06	-0.85397226	172.09882	-74.13753	36657.793	-5139.9277	2.8336556	0.036434174	0.02940459	0.0	1.7547846	0.009048497	1100000.0	10710.531190872192
55	-318.72345	137.16615	-68.56868	-652.0712	280.5	839.83606	3330.0	0.0	1000.0	795990.0	0.7107053571428571	-36.46543	9.435637	-3.0332077	-65.50325	49.953377	38.358902	175.68726	-39.12297	-5.738614e-07	-0.4886575	-7.8125e-07	-0.65763086	179.4584	-94.90429	13586.781	-2725.3115	2.8700898	0.034695387	0.03970132	0.0	1.7260392	0.009125142	1120000.0	10905.697985887527
56	-284.10712	129.14832	-90.38407	-606.9372	509.0	823.6802	3280.0	0.0	1000.0	806170.0	0.7071666666666667	-31.44009	10.016554	-0.29436022	-63.208088	31.283894	36.44466	177.17784	-47.26596	-9.444093e-07	-0.4509551	-1.2695313e-06	-0.60434055	155.35957	-77.08895	10107.225	-1421.4385	2.9047852	0.034451723	0.043208554	0.0	1.7137365	0.009245584	1140000.0	11100.062545537949
57	-336.28134	125.4082	-94.23388	-558.659	795.0	1300.6401	4410.0	0.0	1000.0	822070.0	0.7086810344827587	-30.29286	8.202519	-6.163329	-67.39101	41.48858	34.89296	181.14615	-47.076744	2.618513e-06	-0.7338606	3.515625e-06	-0.9808629	141.32869	-72.88307	33368.69	-5429.2324	2.9392369	0.035836697	0.025780061	0.0	1.7128844	0.0092551755	1160000.0	11294.419267177582
58	-277.33694	103.31211	-135.85854	-511.48047	505.0	910.5301	3440.0	0.0	1000.0	832170.0	0.705228813559322	-32.2226	8.578075	-5.103582	-65.41139	70.198975	46.43309	193.85698	-39.452003	2.1235778e-07	-0.58063143	2.9296876e-07	-0.77308	120.18123	-70.79347	18543.805	-3525.3467	2.9750736	0.035481215	0.032961197	0.0	1.680788	0.009109073	1180000.0	11488.14159488678
59	-323.33398	119.26525	-109.828156	-551.28766	434.0	882.35706	2700.0	0.0	1000.0	840850.0	0.7007083333333334	-29.630068	8.230327	-6.7043433	-64.51626	50.831802	31.594032	193.62193	-54.162327	-1.902329e-09	-0.48380432	0.0	-0.64293826	118.99487	-44.382812	15489.077	-3321.2832	3.0105548	0.034758806	0.039198667	0.0	1.675451	0.009184192	1200000.0	11682.825234889984
60	-359.19098	126.12635	-194.01833	-625.31213	259.5	679.95197	2650.0	0.0	1000.0	846040.0	0.6934754098360656	-33.00343	7.3241277	-13.681609	-60.95772	40.769978	37.861954	198.00406	-53.954464	-4.4184839e-07	-0.45489112	-5.859375e-07	-0.60288554	131.96355	-61.443336	11009.526	-2778.5605	3.0453136	0.03306341	0.04286779	0.0	1.6826122	0.009661202	1220000.0	11878.132546901703
61	-356.9774	138.9038	-53.154224	-670.8223	199.5	404.3201	1490.0	0.0	1000.0	850030.0	0.685508064516129	-34.444775	8.336217	-3.037835	-67.33718	25.974833	22.897558	168.70335	-50.255714	-7.5582065e-08	-0.28392434	-9.765625e-08	-0.37501147	157.49783	-72.664955	4401.2417	-969.2656	3.078377	0.031155825	0.068229266	0.0	1.6819425	0.009200727	1240000.0	12072.476092100143
62	-347.28995	139.55981	24.068752	-614.03314	1084.5	1407.3041	3990.0	0.0	1000.0	871720.0	0.6918412698412698	-35.193283	8.375477	-0.9112152	-64.39037	19.281153	21.045277	143.08168	-46.239285	4.4335744e-07	-0.79644126	5.859375e-07	-1.0500987	150.37462	-66.02068	50632.168	-11307.176	3.1095328	0.034600258	0.024165958	0.0	1.6660101	0.009198678	1260000.0	12267.211369514465
63	-283.07785	115.7206	-52.623455	-483.08585	731.5	1706.3976	5620.0	0.0	1000.0	886350.0	0.6924609375	-32.825207	10.992	10.927357	-62.115406	98.14087	45.042057	209.04028	-57.50364	1.1847245e-06	-0.77599907	1.5625e-06	-1.0204906	152.4081	-96.35337	38661.69	-5147.59	3.144133	0.035728693	0.024343718	0.0	1.679862	0.009003536	1280000.0	12460.478229761124
64	-301.984	114.12773	-126.058205	-544.85956	583.5	952.50336	2920.0	0.0	1000.0	898020.0	0.6907846153846153	-30.959635	7.1480017	-4.939639	-59.346996	73.63775	41.28826	212.71732	-14.340649	-1.5424382e-07	-0.7861229	-1.953125e-07	-1.0308961	120.019516	-57.202217	22870.766	-2702.33	3.1798618	0.03590274	0.02297902	0.0	1.696229	0.009491169	1300000.0	12656.199589729309
65	-313.88525	96.01131	-143.778	-552.2241	644.0	1237.3496	3980.0	0.0	1000.0	910900.0	0.6900757575757576	-30.763174	7.310926	-2.912824	-56.56871	56.450214	37.765427	210.31596	-70.72059	2.9905266e-07	-0.7109421	3.90625e-07	-0.930061	91.8564	-49.398468	25078.557	-4169.703	3.2157645	0.03642845	0.026004538	0.0	1.6962852	0.0089639	1320000.0	12851.470744848251
66	-311.9664	126.56587	-115.105736	-558.0895	201.0	524.413	1760.0	0.0	1000.0	914920.0	0.6827761194029851	-31.393394	7.180329	-3.5343359	-58.95263	59.796795	43.82425	216.17365	-43.174107	1.0916448e-07	-0.5789446	1.4648438e-07	-0.75517344	119.42365	-44.020622	9863.191	-3871.5312	3.252193	0.034215212	0.030802716	0.0	1.6891298	0.009046414	1340000.0	13045.849177122116
67	-305.7768	103.12925	-124.379196	-493.87338	504.5	1121.6749	3750.0	0.0	1000.0	925010.0	0.6801544117647059	-31.54465	7.712638	5.557127	-58.26	27.552082	33.300255	208.49684	-39.94664	1.4959121e-06	-0.47033036	1.953125e-06	-0.61188245	99.53494	-46.644505	18483.002	-4012.0693	3.2864082	0.034104347	0.04059818	0.0	1.6677086	0.009144647	1360000.0	13240.366629123688
68	-369.3859	146.71724	-132.50694	-652.3231	369.5	1007.77216	4470.0	0.0	1000.0	932400.0	0.6756521739130434	-32.273727	7.030687	-8.803108	-61.322784	45.952206	37.64895	213.32747	-66.323494	-5.9618844e-07	-0.58605444	-7.8125e-07	-0.76066405	187.65836	-100.09968	13860.701	-2347.6328	3.3205125	0.033180952	0.031639382	0.0	1.6540456	0.009310605	1380000.0	13434.401408433914
69	-309.51846	145.0339	-82.12975	-708.0273	188.0	388.95502	1440.0	0.0	1000.0	936160.0	0.6686857142857143	-34.024906	10.999825	-3.9955397	-69.18012	36.99017	40.421032	219.372	-73.2741	-6.060104e-07	-0.4033092	-7.8125e-07	-0.5226631	180.80347	-88.933395	4763.1094	-1519.1699	3.3536935	0.031190157	0.04905804	0.0	1.6494625	0.00900516	1400000.0	13629.271475553513
70	-310.19678	107.83869	-121.98099	-579.137	818.0	1083.4509	3400.0	0.0	1000.0	952520.0	0.6707887323943662	-33.452496	9.389343	-6.869854	-74.43638	16.550707	21.040092	172.64674	-68.06289	6.058649e-07	-0.7327794	7.8125e-07	-0.94703126	128.49637	-74.211	32146.17	-7051.1465	3.3848836	0.033326387	0.026416082	0.0	1.6743445	0.008790348	1420000.0	13824.528737306595
71	-345.43256	126.30069	-133.58063	-630.2828	787.5	1237.3798	4280.0	0.0	1000.0	968270.0	0.6724097222222222	-31.8893	8.11206	-5.411064	-66.94683	67.21605	44.246452	203.52858	-50.973305	-2.118941e-06	-0.72823495	-2.734375e-06	-0.93909687	135.906	-71.60361	23909.955	-4066.1172	3.41821	0.03507018	0.026532043	0.0	1.6594975	0.009411195	1440000.0	14019.32128238678
72	-312.2834	103.0386	-96.297844	-512.27594	671.5	1506.5366	5030.0	0.0	1000.0	981700.0	0.6723972602739726	-35.003563	9.014626	-4.419737	-65.63827	66.394615	36.428814	211.4735	-30.983528	-9.0615646e-07	-0.69934964	-1.171875e-06	-0.8997679	106.85932	-53.711773	31952.902	-6316.451	3.4532802	0.035950422	0.02665036	0.0	1.653156	0.009309649	1460000.0	14213.356266736984
73	-274.0859	78.75354	-121.93004	-398.71124	772.0	1288.2958	4340.0	0.0	1000.0	997140.0	0.6737432432432432	-30.635725	7.035715	-5.9097223	-52.01913	69.42236	52.728333	254.91908	-56.185436	-1.3664204e-06	-0.7280422	-1.7578125e-06	-0.9347844	80.50607	-42.013924	27016.457	-5230.662	3.4892306	0.037356615	0.026195487	0.0	1.6375849	0.008994153	1480000.0	14408.831233978271
74	-281.3808	124.89865	-136.55984	-561.1011	1014.5	1316.1364	3590.0	0.0	1000.0	1017430.0	0.6782866666666667	-27.88705	6.642638	1.7019651	-58.676907	73.67348	46.09639	255.996	-49.639927	-1.209901e-06	-0.86421585	-1.5625e-06	-1.1070803	120.35773	-47.503143	31940.43	-6278.2656	3.5265872	0.040026188	0.021958511	0.0	1.632029	0.008897693	1500000.0	14604.173178434372
75	-302.66254	143.98813	-48.86152	-577.15216	641.0	1340.8649	4520.0	0.0	1000.0	1030250.0	0.6777960526315789	-30.137466	9.09108	-2.446272	-68.65129	80.54881	46.90523	270.8168	-64.24796	-7.600412e-07	-0.83228534	-9.765625e-07	-1.0633672	155.21768	-72.75937	30050.96	-6521.416	3.5666134	0.040234566	0.023071583	0.0	1.6280303	0.009253856	1520000.0	14799.512632369995
76	-315.43085	125.21855	-130.62251	-643.7403	306.5	762.2418	3220.0	0.0	1000.0	1036380.0	0.672974025974026	-31.526981	9.087173	-1.7383254	-63.206528	54.249714	48.052742	279.35547	-88.30331	-6.105063e-07	-0.5534296	-7.8125e-07	-0.7052714	147.23027	-62.388603	12891.506	-4280.873	3.606848	0.0383451	0.034429464	0.0	1.639997	0.00922641	1540000.0	14993.346853494644
77	-362.21356	95.54769	-150.93617	-537.7411	318.0	885.09094	3820.0	0.0	1000.0	1042740.0	0.6684230769230769	-32.913395	7.4536734	-5.611815	-62.37776	37.557358	36.81585	220.15839	-75.40642	-4.6111305e-07	-0.4886517	-5.859375e-07	-0.621374	82.707115	-39.55102	10837.472	-2290.708	3.645193	0.036714077	0.039618343	0.0	1.6244261	0.009245134	1560000.0	15188.052169561386
78	-262.3117	85.21157	-133.65382	-454.11102	812.5	1110.3912	3390.0	0.0	1000.0	1058990.0	0.670246835443038	-32.43295	7.0791707	-4.296112	-56.693604	26.663141	40.53042	241.045	-79.71292	-6.169915e-07	-0.7181289	-7.8125e-07	-0.91111094	112.95577	-72.769005	22739.871	-5931.51	3.6819072	0.038341522	0.02611502	0.0	1.6256096	0.009200702	1580000.0	15383.010872840881
79	-331.2921	122.48888	-168.16492	-593.3289	275.5	674.53296	2880.0	0.0	1000.0	1064500.0	0.6653125	-28.367653	6.3312716	-6.668555	-53.460682	64.76593	42.100983	278.11542	-69.2765	-1.6169321e-07	-0.5080056	-1.953125e-07	-0.64367473	136.20883	-65.694466	14240.318	-3520.3584	3.7202487	0.03643799	0.036870915	0.0	1.6242392	0.009212346	1600000.0	15577.328629016876
80	-319.91876	124.393684	-89.40493	-514.23834	594.5	1013.8563	4060.0	0.0	1000.0	1076390.0	0.6644382716049383	-33.167168	7.7457547	-5.6770277	-57.126312	27.089306	33.454216	249.79465	-57.40708	-6.163659e-07	-0.6284082	-7.8125e-07	-0.79407305	130.0992	-51.781624	19687.172	-3112.7617	3.7566867	0.03677821	0.02851596	0.0	1.6291265	0.009129924	1620000.0	15772.613530635834
81	-287.22418	125.08092	-113.292946	-591.74677	901.5	1471.4729	4160.0	0.0	1000.0	1094420.0	0.6673292682926829	-31.009087	8.319424	-2.5329952	-56.149635	56.38049	42.085014	260.87894	-60.465073	3.0404067e-07	-0.87395537	3.90625e-07	-1.1025324	146.15277	-66.42047	37901.285	-9549.08	3.793465	0.038979053	0.02135498	0.0	1.6243235	0.009155939	1640000.0	15967.631390810013
82	-332.9903	109.453926	-163.73001	-545.89044	655.0	1091.2035	3620.0	0.0	1000.0	1107520.0	0.6671807228915663	-31.5865	7.8544993	-7.0574303	-65.52678	78.05644	60.60876	299.00824	-70.83427	1.4738762e-06	-0.8089541	1.8554688e-06	-1.0179287	121.91435	-60.834934	21846.014	-5323.619	3.832444	0.039452314	0.023952218	0.0	1.6310351	0.009137245	1660000.0	16161.961136817932
83	-292.7716	138.26321	-158.607	-679.3258	296.5	829.57983	3580.0	0.0	1000.0	1113450.0	0.6627678571428571	-32.214214	7.5299892	-9.495601	-60.56798	57.699944	42.48589	283.33914	-77.49434	9.3446926e-07	-0.5224291	1.171875e-06	-0.655501	148.43787	-74.897156	11659.046	-3417.1357	3.8718963	0.037585974	0.035989266	0.0	1.6320701	0.008886534	1680000.0	16356.148396015167
84	-278.552	111.05518	-90.34775	-487.09763	631.0	1135.7855	3850.0	0.0	1000.0	1126070.0	0.6623941176470588	-29.570915	8.775918	-3.1861064	-65.50923	29.180653	37.621704	259.88913	-70.34666	-5.4373265e-07	-0.73910344	-6.835937e-07	-0.9266828	115.699234	-54.655197	24227.27	-5547.785	3.9094822	0.0380733	0.024912495	0.0	1.623753	0.009308413	1700000.0	16551.303888320923
85	-328.9843	141.15999	-15.187745	-627.068	180.0	502.7425	1950.0	0.0	1000.0	1129670.0	0.6567848837209302	-30.644571	8.602872	-1.2804148	-69.437065	46.611214	42.983738	288.5682	-82.52294	1.0933188e-06	-0.5043561	1.3671875e-06	-0.63108945	156.52588	-71.52618	9823.588	-3083.2373	3.9475555	0.0355618	0.038440876	0.0	1.6144961	0.00924777	1720000.0	16746.802214622498
86	-317.5692	145.81052	-57.423916	-583.2898	1065.5	1466.9816	4780.0	0.0	1000.0	1150980.0	0.6614827586206896	-33.036804	10.342072	4.980318	-62.26136	25.042486	36.481133	295.81265	-85.41892	1.2477165e-06	-0.84997666	1.5625e-06	-1.0611976	157.80867	-70.93142	37106.418	-10414.928	3.9831173	0.038957834	0.022390991	0.0	1.5969646	0.009224045	1740000.0	16941.37802195549
87	-358.0284	126.04883	-123.11135	-711.85254	305.0	767.77277	3410.0	0.0	1000.0	1157080.0	0.6574318181818182	-34.333164	8.892618	-7.5170546	-64.56118	88.45205	58.184956	319.25525	-29.658169	1.3277614e-06	-0.724542	1.6601563e-06	-0.90244824	148.99686	-82.17439	14128.082	-5981.671	4.022075	0.03719759	0.02777471	0.0	1.5968696	0.009416859	1760000.0	17135.53271985054
88	-359.90088	121.53031	-121.148155	-657.89874	1100.5	1666.4647	5650.0	0.0	1000.0	1179090.0	0.6624101123595506	-35.80148	7.844395	-0.9668918	-67.52633	39.498367	30.618809	305.57547	-82.50871	3.1703448e-07	-0.89470714	3.90625e-07	-1.1131371	129.36061	-66.78204	51218.8	-10962.098	4.059273	0.040630817	0.021263983	0.0	1.619105	0.009268598	1780000.0	17331.520877838135
89	-360.32394	132.15152	-96.56247	-590.6872	279.5	769.5938	2630.0	0.0	1000.0	1184680.0	0.6581555555555556	-37.094444	9.425062	-1.2024331	-67.58927	87.187836	55.058994	316.65442	-72.07604	-4.7104567e-07	-0.643334	-5.859375e-07	-0.79865915	132.64636	-67.97298	14131.952	-6139.3867	4.0999036	0.038535118	0.029581591	0.0	1.655633	0.009242034	1800000.0	17526.867619276047
90	-323.9021	154.03337	-117.72868	-576.80396	198.5	414.63568	1720.0	0.0	1000.0	1188650.0	0.6531043956043956	-36.56396	11.596599	5.787668	-67.425606	31.661894	25.03018	230.20439	-51.55578	-2.752792e-07	-0.3772113	-3.4179686e-07	-0.46757853	178.13948	-101.03507	4601.4204	-1103.8171	4.1384387	0.036096573	0.050096195	0.0	1.675438	0.009049257	1820000.0	17723.076755046844
91	-324.42847	76.24521	-218.0719	-550.37524	537.0	819.88477	2820.0	0.0	1000.0	1199390.0	0.6518423913043478	-34.26356	9.391065	-4.778045	-65.29874	24.14884	24.27436	256.92764	-41.319878	3.1476654e-07	-0.6087118	3.90625e-07	-0.7531117	103.97488	-67.930466	15746.874	-2935.8896	4.1745353	0.03616047	0.031663973	0.0	1.679749	0.009400796	1840000.0	17917.50302362442
92	-326.65875	93.76678	-114.929214	-471.42587	49.0	213.58604	980.0	0.0	1000.0	1200370.0	0.6453602150537634	-33.5825	6.141811	-11.913678	-56.333687	38.34647	30.718664	257.40747	-50.943245	8.125744e-08	-0.29313236	9.765625e-08	-0.36253232	88.56663	-45.977005	3081.9937	-1806.7178	4.2106957	0.03291416	0.06214117	0.0	1.6811829	0.009070823	1860000.0	18111.28328680992
93	-331.05072	162.15315	-97.3422	-718.51483	614.5	1268.3867	4250.0	0.0	1000.0	1212660.0	0.645031914893617	-31.254698	8.13859	-4.9234014	-63.457417	10.358683	17.4565	232.70651	-62.29963	-1.5794839e-06	-0.756965	-1.953125e-06	-0.9339219	165.61012	-86.65902	28478.15	-6136.1016	4.24361	0.033827305	0.024699613	0.0	1.6919076	0.009190636	1880000.0	18305.90301966667
94	-327.70593	120.97338	-128.98705	-618.3999	355.5	753.1897	3110.0	0.0	1000.0	1219770.0	0.6419842105263158	-34.28963	11.779855	3.3365	-78.87705	58.305527	32.924973	290.90784	-2.4959726	-1.5425567e-07	-0.56657064	-1.953125e-07	-0.6980598	169.1945	-106.14333	12293.043	-2181.2012	4.277437	0.032922745	0.03472923	0.0	1.6896772	0.009597359	1900000.0	18500.20187687874
95	-318.80832	99.29733	-109.834656	-503.28552	276.5	1094.1996	5040.0	0.0	1000.0	1225300.0	0.6381770833333333	-33.637405	8.391779	-2.3511515	-66.370964	33.973038	25.820942	280.7414	-62.106133	-4.7617365e-07	-0.44033593	-5.859375e-07	-0.54177165	113.62755	-60.187138	10367.944	-2236.1753	4.31036	0.031569958	0.041841984	0.0	1.7123997	0.009322941	1920000.0	18695.892385482788
96	-334.4663	100.5439	-194.02812	-501.86716	177.5	513.555	1800.0	0.0	1000.0	1228850.0	0.6334278350515464	-32.63665	7.615156	-7.112906	-68.4401	32.62537	43.357132	317.34998	-75.13899	-8.3374154e-08	-0.52931446	-9.765625e-08	-0.65043366	106.1431	-56.81244	8920.182	-2125.9336	4.34193	0.029659748	0.03639113	0.0	1.7168341	0.009121916	1940000.0	18890.475844860077
97	-363.0639	172.31474	-22.982841	-663.2444	230.0	606.0693	2610.0	0.0	1000.0	1233450.0	0.6293112244897959	-33.207275	8.179819	2.2446756	-69.464066	17.471563	19.829803	247.57753	-50.737453	-1.2704814e-06	-0.35504612	-1.5625e-06	-0.43564942	242.52435	-125.14709	8145.5767	-1453.0312	4.3715897	0.02830553	0.05068963	0.0	1.7106249	0.0095027005	1960000.0	19084.988574504852
98	-292.39484	167.6327	-83.08148	-644.24866	425.5	1201.9878	4960.0	0.0	1000.0	1241960.0	0.6272525252525253	-34.620895	11.976114	8.054962	-69.12689	26.439655	32.562336	263.54083	-165.77374	-7.9486637e-07	-0.58193797	-9.765625e-07	-0.71342355	237.43398	-137.10237	20212.818	-5562.172	4.399895	0.028457165	0.03283003	0.0	1.6938	0.009264462	1980000.0	19279.150950193405
99	-315.3459	135.63434	-111.98844	-585.6666	348.5	847.65717	3770.0	0.0	1000.0	1248930.0	0.624465	-31.937462	11.337472	-2.826574	-73.60921	29.80069	38.54673	291.05173	-102.04679	3.2203798e-07	-0.6003622	3.90625e-07	-0.7351004	178.58154	-95.20873	14822.717	-3417.8643	4.4283524	0.028065205	0.03238894	0.0	1.6663823	0.009448367	2000000.0	19474.09564113617
