Epoch	AverageEpRet	StdEpRet	MaxEpRet	MinEpRet	AverageEpCost	StdEpCost	MaxEpCost	MinEpCost	EpLen	CumulativeCost	CostRate	AverageVVals	StdVVals	MaxVVals	MinVVals	AverageCostVVals	StdCostVVals	MaxCostVVals	MinCostVVals	LossPi	DeltaLossPi	SurrCost	DeltaSurrCost	LossV	DeltaLossV	LossVC	DeltaLossVC	Penalty	DeltaPenalty	Alpha	BacktrackIters	Entropy	KL	TotalEnvInteracts	Time
0	-289.69632	108.755875	-81.70378	-497.63068	1646.5	2023.3716	5530.0	0.0	1000.0	32930.0	1.6465	0.69929886	0.4511447	2.0111656	-1.3606917	-0.4061814	0.2404047	0.82843405	-1.347798	4.8828124e-08	-0.013039846	-1.5625e-06	-0.3205135	869.0895	-721.0233	82109.555	-10503.484	0	0	1.5398806	0.0	1.837877	0.008893947	20000.0	196.6140797138214
1	-330.83356	70.23412	-188.9973	-519.56396	780.5	1150.2107	3770.0	0.0	1000.0	48540.0	1.2135	-26.11847	1.6949888	11.927635	-26.648073	39.61068	1.4475368	39.79487	-20.821611	-1.2207031e-08	-0.013175568	-9.765625e-07	-0.011665429	98.48346	-40.94895	26348.852	-579.30664	0	0	1.4679936	0.0	1.8570085	0.008842411	40000.0	391.0899021625519
2	-310.57437	125.80465	-69.389015	-629.7543	1313.5	2195.5303	6250.0	0.0	1000.0	74810.0	1.2468333333333332	-32.364204	0.97669107	4.870312	-32.604855	48.428608	0.81789833	48.520695	-2.6272416	-1.2207031e-08	-0.013475812	1.5625e-06	0.16472226	149.6508	-2.6233978	68124.28	-2106.3906	0	0	1.4550068	0.0	1.8716912	0.008838727	60000.0	585.1257476806641
3	-307.06497	116.913376	-64.19985	-489.53455	1148.5	1774.3315	6600.0	0.0	1000.0	97780.0	1.22225	-31.15997	1.3321393	11.68422	-31.534967	64.52499	1.4736465	64.63101	-25.223925	-3.0517577e-09	-0.012205484	1.171875e-06	-0.21600313	128.6402	-3.3272247	50242.62	-871.29297	0	0	1.6427164	0.0	1.8724322	0.008301018	80000.0	779.8875229358673
4	-320.4124	98.774216	-179.3909	-533.1403	1098.0	1276.4545	3530.0	0.0	1000.0	119740.0	1.1974	-30.430984	2.1296132	21.820787	-31.4852	75.99771	2.1179233	76.12984	-61.865032	-1.8310548e-08	-0.013389404	-9.765625e-07	-0.23827343	99.45477	-6.2959137	32478.28	-499.9043	0	0	1.472546	0.0	1.8738077	0.008948952	100000.0	974.0795891284943
5	-347.1751	122.14107	-126.08013	-539.4379	477.5	1165.8726	5020.0	0.0	1000.0	129290.0	1.0774166666666667	-31.819885	0.77353257	-0.6690842	-32.05035	84.97605	2.3577049	85.120544	-56.12734	-4.6539306e-08	-0.012056222	0.0	-0.059696093	151.37906	-7.845642	22956.025	-472.33008	0	0	1.6145264	0.0	1.8743262	0.008713884	120000.0	1167.5508143901825
6	-296.60873	120.593025	-65.906265	-467.8366	943.0	1651.3481	5150.0	0.0	1000.0	148150.0	1.0582142857142858	-34.496742	0.93584657	14.964701	-34.668716	75.86578	9.049866	77.27377	-75.333206	-3.0517577e-09	-0.012836664	-1.7578125e-06	-0.10459375	154.74496	-20.95691	43931.96	-466.21484	0	0	1.5799128	0.0	1.8640082	0.0087578315	140000.0	1360.8791234493256
7	-266.0093	102.68585	-59.059166	-510.7127	1172.5	1559.7239	4400.0	0.0	1000.0	171600.0	1.0725	-29.917063	0.87592053	-2.5134332	-30.313255	75.82425	11.15311	82.00951	-75.65662	2.1362304e-08	-0.012091789	-9.765625e-07	-0.06001621	112.82043	-12.374107	40627.28	-1454.5195	0	0	1.6624664	0.0	1.8789604	0.008604715	160000.0	1554.661322593689
8	-294.22742	108.27031	-71.53561	-470.42462	432.5	1164.9415	4520.0	0.0	1000.0	180250.0	1.0013888888888889	-26.976093	1.3176391	0.6162627	-28.285725	93.701	3.159028	93.985985	-46.115704	1.8310548e-08	-0.013331485	-9.765625e-08	-0.13557431	117.24855	-11.5173645	18822.014	-2099.412	0	0	1.4680042	0.0	1.8457165	0.008899266	180000.0	1748.4115900993347
9	-292.3505	111.30818	-136.05165	-561.76025	920.0	1320.5377	4020.0	0.0	1000.0	198650.0	0.99325	-28.87414	1.3994286	11.725689	-29.820383	51.40527	12.58984	62.366642	-61.041134	-7.324219e-08	-0.01341875	0.0	0.0873289	118.34093	-8.192528	31666.03	-1214.9355	0	0	1.4865736	0.0	1.8856105	0.009153216	200000.0	1942.4773261547089
10	-252.4242	106.80511	-46.87381	-449.1604	537.0	1176.6396	3850.0	0.0	1000.0	209390.0	0.9517727272727273	-29.086927	2.467915	5.660393	-32.409588	73.80447	3.589119	77.55386	-52.79435	-1.525879e-08	-0.013924653	-3.90625e-07	0.017668359	120.09516	-20.693993	20768.518	-250.06445	0	0	1.4330374	0.0	1.8865613	0.009025177	220000.0	2135.9439549446106
11	-242.82573	111.77357	-83.30707	-464.63486	447.5	1392.131	5640.0	0.0	1000.0	218340.0	0.90975	-25.538256	2.3204393	3.710147	-31.27852	62.7501	7.489366	70.21585	-54.100487	-1.2207031e-08	-0.01313219	-1.5625e-06	0.061392576	117.092186	-11.512108	21654.158	-571.76953	0	0	1.5390222	0.0	1.9262344	0.009185071	240000.0	2329.554287672043
12	-264.52823	89.77716	-126.83257	-454.42355	716.5	1336.2795	4620.0	0.0	1000.0	232670.0	0.8948846153846154	-25.131535	3.5858614	7.5242677	-31.58451	44.286133	14.570437	64.262245	-46.650745	6.1035155e-09	-0.013192645	-5.859375e-07	0.13559921	93.55868	-19.339355	30993.459	-1002.6875	0	0	1.5148451	0.0	1.9160258	0.008686228	260000.0	2522.5618467330933
13	-246.87619	74.544525	-123.0369	-369.0283	1053.0	1576.8357	4900.0	0.0	1000.0	253730.0	0.9061785714285714	-26.213793	2.7180572	-9.193768	-31.731518	46.07199	13.682037	66.97386	-56.441902	-6.103516e-08	-0.012682007	5.859375e-07	0.011374219	61.8839	-10.231514	44678.03	-3827.4531	0	0	1.5373465	0.0	1.9279747	0.008880398	280000.0	2715.828141450882
14	-209.12393	64.272644	-91.07069	-345.7191	673.0	1253.1523	3770.0	0.0	1000.0	267190.0	0.8906333333333334	-24.56518	2.5685709	-10.315276	-30.263805	78.285706	14.5071945	88.98298	-45.807934	7.629395e-09	-0.012616607	-1.5625e-06	-0.027190039	54.374393	-15.451645	27466.727	-693.3887	0	0	1.606566	0.0	1.9347935	0.008755942	300000.0	2908.650071620941
15	-292.30984	134.28351	-91.81012	-511.7113	664.0	1520.9089	6690.0	0.0	1000.0	280470.0	0.87646875	-21.352896	2.3150177	-1.3245438	-27.420862	76.07517	13.299336	82.99036	-62.091896	6.713867e-08	-0.012487784	7.8125e-07	0.056231834	219.7704	-57.638138	30697.594	-1245.373	0	0	1.5814599	0.0	1.9166476	0.009068045	320000.0	3102.8616967201233
16	-248.8151	97.82194	-70.100494	-477.92963	448.5	682.40216	2130.0	0.0	1000.0	289440.0	0.8512941176470589	-28.122856	2.7625961	2.885783	-33.341522	59.930676	24.32157	88.201584	-60.614204	-1.8310548e-08	-0.014254989	4.882813e-07	-0.09078399	104.566986	-18.540436	14897.7295	-1033.5469	0	0	1.4060863	0.0	1.9052894	0.008839614	340000.0	3296.1686730384827
17	-287.0158	125.72974	-97.412575	-574.5204	1221.5	1914.9811	6190.0	0.0	1000.0	313870.0	0.8718611111111111	-25.326113	2.9251251	2.313685	-32.31333	47.404926	28.555754	90.86523	-36.33894	2.746582e-08	-0.01276531	7.8125e-07	-0.09578282	154.85394	-19.801086	49677.79	-5945.4766	0	0	1.5294037	0.0	1.9227872	0.009316876	360000.0	3490.041235923767
18	-228.6377	79.205894	-74.32052	-358.39142	198.0	414.28976	1740.0	0.0	1000.0	317830.0	0.8363947368421053	-27.757025	3.7773519	10.539625	-35.730602	100.57249	19.86426	112.71985	-54.364258	1.2207031e-08	-0.01253797	4.882813e-07	-0.06329913	89.216515	-29.040188	13284.063	-5918.4404	0	0	1.6514385	0.0	1.881233	0.009219514	380000.0	3683.435842037201
19	-297.4127	124.79086	-88.3508	-570.65594	593.5	1101.4775	4220.0	0.0	1000.0	329700.0	0.82425	-23.528852	2.7332191	-1.3107042	-32.61936	25.405653	9.930456	91.01388	-77.07746	-4.8828124e-08	-0.013533301	-3.90625e-07	0.19492733	168.79027	-46.44654	24103.562	-1316.082	0	0	1.4618369	0.0	1.886185	0.00913037	400000.0	3876.237603664398
20	-298.47845	162.5766	-70.04984	-610.89435	1183.0	1544.8789	5980.0	0.0	1000.0	353360.0	0.8413333333333334	-28.779768	4.382845	9.8546295	-36.76131	50.814705	5.655628	107.51197	-58.574604	1.2207031e-08	-0.013045233	-3.90625e-06	-0.19298673	245.32558	-66.462555	48915.51	-4228.1016	0	0	1.539893	0.0	1.8840995	0.009003528	420000.0	4070.3660781383514
21	-322.08182	91.62228	-183.98796	-568.6478	487.0	1063.4994	3090.0	0.0	1000.0	363100.0	0.8252272727272727	-28.88601	6.4858265	-3.8206818	-43.603428	103.24185	12.064696	126.82734	-32.701477	-2.2888185e-09	-0.012639434	1.171875e-06	-0.040585745	120.855515	-45.318268	21374.041	-2380.666	0	0	1.5910102	0.0	1.8796289	0.009247503	440000.0	4264.47895526886
22	-264.08478	110.54697	-95.68871	-550.33325	369.0	810.308	3110.0	0.0	1000.0	370480.0	0.8053913043478261	-31.010775	4.149094	-6.4176445	-40.666367	55.84324	16.03673	96.30006	-47.70911	-6.1035155e-09	-0.0131134335	-3.90625e-07	-0.009167871	142.72958	-45.33168	10728.76	-744.4961	0	0	1.5194243	0.0	1.8623996	0.009385417	460000.0	4459.05385684967
23	-253.30513	95.28943	-1.3144836	-401.8794	1412.5	1825.8748	5010.0	0.0	1000.0	398730.0	0.8306875	-27.229206	4.4619985	0.3256327	-38.75377	42.75778	13.978452	68.632675	-55.141525	1.8310548e-08	-0.013298694	3.90625e-07	-0.09426396	110.933365	-33.0587	66120.016	-8231.184	0	0	1.519356	0.0	1.8576127	0.0092878835	480000.0	4653.476361989975
24	-240.96729	99.08726	-33.64222	-370.0821	505.5	933.39417	3910.0	0.0	1000.0	408840.0	0.81768	-25.9578	4.730004	-1.4079151	-40.856274	109.91876	7.142711	128.8976	-11.4744835	-1.2207031e-08	-0.012171698	-7.8125e-07	-0.030250002	141.2075	-42.69713	20050.72	-2876.371	0	0	1.6294057	0.0	1.8619702	0.008924168	500000.0	4848.570466756821
25	-245.21835	98.99279	-77.70779	-450.79697	917.5	1097.7244	3580.0	0.0	1000.0	427190.0	0.8215192307692307	-23.188498	6.2538295	5.3349032	-39.751656	63.662174	19.701199	96.755135	-44.437046	-3.051758e-08	-0.013098521	5.859375e-07	0.037373632	97.337166	-31.303024	26946.055	-1500.3203	0	0	1.5010297	0.0	1.8662765	0.0091833705	520000.0	5043.401066303253
26	-242.7208	159.21106	-9.515783	-595.70013	1382.5	1948.7583	7030.0	0.0	1000.0	454840.0	0.8422962962962963	-24.239548	5.6145673	-0.42223138	-41.90798	87.36503	9.058291	117.97202	-16.05407	-1.0681152e-08	-0.014464873	1.5625e-06	-0.11676172	236.18124	-96.80739	64764.543	-3889.8086	0	0	1.4372381	0.0	1.847367	0.008900117	540000.0	5241.806245803833
27	-232.63913	99.44872	-120.78313	-428.28674	510.5	1340.8673	5310.0	0.0	1000.0	465050.0	0.8304464285714286	-23.889133	10.298668	9.087271	-51.519012	117.23606	10.37166	134.65436	-4.769844	7.629395e-09	-0.01430267	0.0	0.013660156	125.0718	-69.7646	30703.818	-3662.084	0	0	1.3934473	0.0	1.8687339	0.008946778	560000.0	5436.389153242111
28	-243.76758	105.56915	-72.49091	-490.57892	754.0	1171.044	4280.0	0.0	1000.0	480130.0	0.8278103448275862	-23.717424	7.0740366	-3.0719442	-46.74045	55.2872	22.019646	116.9773	-59.175163	-3.0517577e-09	-0.012519612	-3.90625e-07	0.15478241	104.38485	-43.277256	33011.69	-1471.7715	0	0	1.5875905	0.0	1.8811281	0.009289174	580000.0	5630.484070777893
29	-257.17944	140.59045	35.70462	-525.3955	1700.5	2156.8948	6470.0	0.0	1000.0	514140.0	0.8569	-23.912008	6.2633395	-4.8769994	-46.75746	72.86836	19.995777	108.77363	-11.379294	-1.525879e-08	-0.011870082	2.34375e-06	0.034064844	213.8423	-107.11282	89858.1	-9583.148	0	0	1.6698328	0.0	1.8591617	0.008796201	600000.0	5824.720224618912
30	-265.04175	132.26987	-44.893642	-542.8662	700.0	1187.291	4380.0	0.0	1000.0	528140.0	0.8518387096774194	-24.604706	10.029338	12.103086	-57.484695	146.79913	5.4882793	153.4776	42.53451	6.1035155e-09	-0.014184769	-1.5625e-06	-0.020581054	219.42865	-110.38642	29307.488	-4503.9414	0	0	1.4359939	0.0	1.8511856	0.009232614	620000.0	6019.258645296097
31	-262.49078	92.47754	-47.293926	-499.82117	731.0	1162.2946	3900.0	0.0	1000.0	542760.0	0.8480625	-25.33376	8.272696	7.2298903	-50.882137	84.62911	18.571371	128.88074	-41.60451	0.0	-0.014214685	0.0	0.022989843	143.44202	-60.93667	20747.324	-798.5078	0	0	1.4277792	0.0	1.8463768	0.00899771	640000.0	6212.368176937103
32	-248.27652	110.91912	-98.33199	-452.82352	705.5	970.4405	3280.0	0.0	1000.0	556870.0	0.8437424242424243	-25.293104	7.0331497	3.9828782	-46.22606	69.31184	20.054007	120.68718	-49.542347	1.449585e-08	-0.012263648	-9.765625e-07	0.03700332	101.64918	-47.187027	17217.402	-958.3496	0	0	1.616178	0.0	1.8304586	0.009277458	660000.0	6405.679364681244
33	-219.37373	103.882515	-39.007282	-396.75232	1692.5	1796.9803	4760.0	0.0	1000.0	590720.0	0.8687058823529412	-24.000212	7.7817445	1.1105417	-51.040565	67.840065	15.053678	101.57991	7.359125	-1.525879e-08	-0.012529098	-3.90625e-07	0.048947267	122.391174	-52.245384	81512.305	-9847.203	0	0	1.5625805	0.0	1.8118978	0.009561554	680000.0	6599.4291825294495
34	-229.1149	118.41824	-62.860424	-525.1744	835.5	1346.5232	4490.0	0.0	1000.0	607430.0	0.8677571428571429	-22.979591	7.537724	3.027196	-50.194748	138.86595	13.926389	152.15988	25.053099	2.4414062e-08	-0.012893634	-2.2460938e-06	-0.2180872	144.9879	-60.550514	47507.832	-2831.3555	0	0	1.5347792	0.0	1.8002745	0.009298466	700000.0	6793.399196147919
35	-248.00713	117.25635	-61.362076	-488.642	1812.0	1912.1758	5890.0	0.0	1000.0	643670.0	0.8939861111111111	-22.668158	9.416997	3.334626	-55.11469	91.07672	19.189306	142.65382	-56.581196	-9.155274e-09	-0.014413742	2.9296875e-06	0.038879886	119.89065	-59.49671	80402.64	-8764.406	0	0	1.3838459	0.0	1.8109574	0.009032384	720000.0	6987.607826471329
36	-199.14926	129.42525	15.393284	-573.82245	1087.0	1188.7686	3870.0	0.0	1000.0	665410.0	0.8992027027027027	-22.780548	8.789588	3.051186	-53.17039	161.47533	7.399411	173.38548	54.839874	-1.2207031e-08	-0.013984281	-1.171875e-06	-0.1650496	196.4093	-104.52853	36973.562	-2327.0547	0	0	1.4827439	0.0	1.836252	0.009311116	740000.0	7181.394991397858
37	-235.38435	95.22586	-47.25127	-396.7876	1481.5	1893.5767	6770.0	0.0	1000.0	695040.0	0.9145263157894736	-20.721054	8.269151	8.452685	-60.97898	132.13077	12.602022	160.52112	-8.406076	6.1035155e-09	-0.013730615	7.8125e-07	0.0097445315	112.55111	-62.885517	65078.387	-3085.0742	0	0	1.4671128	0.0	1.8602071	0.009117185	760000.0	7374.530119419098
38	-223.84673	105.944336	-94.546585	-576.7158	1017.5	1223.2288	4310.0	0.0	1000.0	715390.0	0.9171666666666667	-22.24918	7.610491	3.3756092	-47.98547	128.88942	41.301373	171.51797	-109.04569	-3.0517577e-09	-0.013369868	2.734375e-06	0.06845332	150.27463	-77.08314	34331.977	-2147.7012	0	0	1.4907626	0.0	1.8573474	0.009286242	780000.0	7569.4302752017975
39	-253.05977	132.45016	-62.80369	-492.98846	1262.5	1684.1552	4940.0	0.0	1000.0	740640.0	0.9258	-22.722315	7.9114485	2.8623924	-56.028027	109.88833	30.468204	170.0132	-19.278784	1.2207031e-08	-0.015101056	7.8125e-07	-0.22488828	211.83446	-90.40841	61375.66	-4121.1055	0	0	1.3584559	0.0	1.8745606	0.008985086	800000.0	7763.9115262031555
40	-285.36826	111.95372	-99.2858	-574.9591	1222.0	1785.2579	5300.0	0.0	1000.0	765080.0	0.9330243902439025	-26.749105	9.028008	4.732314	-59.82995	120.43576	45.15081	178.9555	-65.72038	4.577637e-09	-0.0148405135	7.8125e-07	0.11374062	138.12428	-68.10973	55931.617	-5277.1914	0	0	1.3316429	0.0	1.8820069	0.008770527	820000.0	7959.180420875549
41	-211.6561	104.00931	-34.92637	-371.15268	729.0	1106.0193	3220.0	0.0	1000.0	779660.0	0.9281666666666667	-25.156086	8.130671	3.2268517	-55.115986	111.0978	35.850933	181.53766	-73.12108	1.6784668e-08	-0.014326892	1.4648438e-07	0.00055952143	176.11415	-80.71556	28810.902	-4239.885	0	0	1.4134556	0.0	1.8846225	0.009479877	840000.0	8152.506723403931
42	-257.0846	145.94727	-63.649918	-654.6852	1199.0	1729.5458	5500.0	0.0	1000.0	803640.0	0.9344651162790698	-21.763659	8.914668	12.1419735	-56.532574	74.6931	29.457424	181.09135	-17.186007	-3.0517577e-09	-0.013451633	1.2695313e-06	-0.081848145	249.635	-159.92264	57563.7	-7126.0547	0	0	1.5333582	0.0	1.8889332	0.009201078	860000.0	8346.020250558853
43	-271.21826	127.77983	-59.03119	-487.41577	1027.0	1008.1621	3340.0	0.0	1000.0	824180.0	0.9365681818181818	-25.928257	9.976012	5.7200084	-68.037125	112.55495	41.315624	189.07887	-40.81192	0.0	-0.014014198	3.90625e-07	-0.015625	188.7357	-100.60714	29948.695	-5051.0566	0	0	1.425401	0.0	1.8918185	0.008546805	880000.0	8539.577685832977
44	-232.50522	145.40016	37.400265	-642.2585	844.5	1261.0768	4540.0	0.0	1000.0	841070.0	0.9345222222222223	-25.869322	10.790069	12.216894	-68.38721	101.18083	36.567936	192.80492	-25.090103	-4.577637e-09	-0.013442326	5.859375e-07	0.035128713	203.31406	-106.150696	40777.28	-7895.4883	0	0	1.4947633	0.0	1.8837993	0.009575506	900000.0	8732.880520820618
45	-239.60132	173.38971	-3.5979788	-698.101	1581.5	1566.2609	5020.0	0.0	1000.0	872700.0	0.9485869565217391	-23.71582	11.870107	16.848307	-64.451935	76.650764	44.65233	200.4258	-38.39438	0.0	-0.013455023	1.5625e-06	-0.036011327	299.0449	-166.61166	61187.066	-12148.652	0	0	1.5029999	0.0	1.8849146	0.009311109	920000.0	8927.875883579254
46	-244.7656	125.2367	-36.76806	-520.4862	1491.5	1775.6724	6320.0	0.0	1000.0	902530.0	0.9601382978723404	-22.294046	11.87467	22.682392	-77.302536	134.21968	47.809875	208.49944	-19.99116	1.2207031e-08	-0.014439752	7.8125e-07	0.12121836	209.77922	-115.58064	73462.49	-8360.82	0	0	1.3832455	0.0	1.8628155	0.00892778	940000.0	9121.629687547684
47	-140.16411	114.253494	30.598341	-371.2404	1012.0	1323.3881	4220.0	0.0	1000.0	922770.0	0.96121875	-20.30576	10.440742	31.367655	-60.122272	136.17316	48.75292	218.76875	-36.882153	-3.0517577e-09	-0.015765654	-1.953125e-06	0.1025205	289.44275	-161.77243	39268.188	-5387.0977	0	0	1.3848096	0.0	1.8763037	0.009595459	960000.0	9314.953921318054
48	-207.42839	124.44391	-2.176619	-477.47388	1091.5	1395.6514	4520.0	0.0	1000.0	944600.0	0.9638775510204082	-16.420263	11.912201	41.921474	-70.4944	100.91035	44.770992	221.81346	-17.380957	9.155274e-09	-0.0125311315	3.90625e-07	0.022606054	246.829	-140.04462	39237.406	-6735.6133	0	0	1.605357	0.0	1.8754778	0.009337346	980000.0	9508.61149764061
49	-135.87808	80.54353	-43.849735	-337.57504	1351.5	1602.9855	5840.0	0.0	1000.0	971630.0	0.97163	-16.257109	9.592372	25.133913	-57.964283	106.044235	39.475628	214.56429	-17.531036	1.8310548e-08	-0.012250672	-1.5625e-06	0.006408203	197.3659	-103.67852	49087.887	-5640.621	0	0	1.6563598	0.0	1.8895807	0.009328043	1000000.0	9702.832461833954
50	-207.39273	160.02145	39.50673	-544.76776	1659.5	1718.0934	4410.0	0.0	1000.0	1004820.0	0.9851176470588235	-14.95763	10.037809	34.93791	-57.861717	127.01239	32.331	227.3402	-1.6193483	-1.2207031e-08	-0.014221308	-2.34375e-06	-0.26919803	293.8281	-173.75081	77577.61	-9646.6875	0	0	1.4240347	0.0	1.9009355	0.009089642	1020000.0	9897.963351249695
51	-181.49881	131.45586	8.944724	-515.0145	1142.5	1216.5562	3790.0	0.0	1000.0	1027670.0	0.9881442307692307	-19.579554	11.817802	34.10622	-64.51439	161.06471	52.824112	239.11627	4.7819037	1.2207031e-08	-0.0131554445	-7.8125e-07	-0.20157686	265.7155	-156.85626	32644.863	-5421.004	0	0	1.5274798	0.0	1.8821915	0.009072302	1040000.0	10092.103207349777
52	-158.68208	136.69214	21.481869	-508.81775	1483.5	1321.5682	3770.0	0.0	1000.0	1057340.0	0.9974905660377359	-16.701168	11.514267	42.359272	-57.828068	110.99673	31.763357	235.30408	-21.56127	-1.449585e-08	-0.014455522	6.835937e-07	-0.01029541	341.51624	-195.22527	53138.996	-6369.922	0	0	1.4237463	0.0	1.8612503	0.0092800055	1060000.0	10286.849984645844
53	-173.68405	200.35439	94.90281	-608.8475	1041.5	2448.543	11390.0	0.0	1000.0	1078170.0	0.9983055555555556	-13.919711	15.7126	55.755123	-65.02486	134.76837	46.40896	244.86891	-10.410734	1.8310548e-08	-0.014799734	0.0	-0.11236016	465.0138	-300.1055	111431.875	-12851.008	0	0	1.3634539	0.0	1.854105	0.009195684	1080000.0	10481.657363414764
54	-173.12965	145.7145	30.305746	-468.41638	994.5	1256.5568	3570.0	0.0	1000.0	1098060.0	0.9982363636363636	-16.101358	17.039906	63.934544	-78.413246	69.787384	42.458775	252.48688	-108.85338	4.577637e-09	-0.014325716	1.5625e-06	0.03588516	353.5446	-204.86737	36855.13	-5934.127	0	0	1.4173511	0.0	1.8247094	0.009444917	1100000.0	10676.113647699356
55	-155.6982	233.03662	107.526	-757.37994	1120.0	1211.8374	4180.0	0.0	1000.0	1120460.0	1.0004107142857144	-14.941066	16.862186	60.36383	-68.149704	92.80251	39.596992	260.65164	-119.83276	-1.8310548e-08	-0.016370267	1.171875e-06	-0.055332325	560.3679	-381.30634	34830.117	-9267.01	0	0	1.3550804	0.0	1.8344431	0.009151025	1120000.0	10871.79583644867
56	-70.55151	135.30971	239.15932	-423.47678	1321.5	1522.4791	5660.0	0.0	1000.0	1146890.0	1.0060438596491228	-10.792769	18.18074	69.191246	-67.84848	97.28943	50.30252	286.63495	-55.133602	-1.373291e-08	-0.014268226	-8.7890623e-07	-0.034130957	528.1409	-320.60333	54036.4	-8924.461	0	0	1.401831	0.0	1.8582336	0.009195476	1140000.0	11066.696316957474
57	-137.7634	179.7799	60.468666	-659.5526	2015.5	2516.9556	10380.0	0.0	1000.0	1187200.0	1.0234482758620689	-10.6278925	21.741678	84.02615	-79.061325	117.0896	62.77024	298.38916	-35.625122	6.1035155e-09	-0.01521583	3.125e-06	-0.0966125	464.1117	-314.77585	96542.08	-18321.672	0	0	1.2895141	0.0	1.8785357	0.008679663	1160000.0	11261.613236427307
58	-108.79879	197.80244	157.172	-605.836	1062.5	1345.5143	4390.0	0.0	1000.0	1208450.0	1.0241101694915253	-9.481123	18.640093	66.881294	-70.28914	170.28653	71.33272	329.93588	-39.687225	3.0517577e-09	-0.013149186	1.5625e-06	-0.03191484	500.8075	-306.97687	39657.168	-12147.172	0	0	1.5430542	0.0	1.8467119	0.009356097	1180000.0	11455.54425573349
59	-178.93513	242.80775	144.00871	-578.5859	1398.0	1422.5526	4060.0	0.0	1000.0	1236410.0	1.0303416666666667	-13.586627	23.7088	81.961334	-91.90954	117.96356	68.48042	335.45444	-44.598415	3.0517577e-09	-0.012381463	3.90625e-07	0.30583087	521.2465	-357.22632	53004.355	-14044.254	0	0	1.5627584	0.0	1.8698275	0.008845359	1200000.0	11650.292256355286
60	-186.87346	275.5777	182.89273	-902.54816	1492.5	1529.7021	4630.0	0.0	1000.0	1266260.0	1.0379180327868853	-15.9458685	25.110714	71.74225	-84.533356	128.63095	65.13553	341.65674	-32.590805	6.1035155e-09	-0.013717252	-3.90625e-07	-0.20663574	613.6005	-413.00336	52656.285	-10816.859	0	0	1.4341586	0.0	1.8527802	0.009394634	1220000.0	11845.554124593735
61	-167.96072	170.55498	79.895546	-645.38336	1059.5	884.559	3180.0	0.0	1000.0	1287450.0	1.0382661290322581	-12.654644	21.561419	88.56327	-91.54991	128.50833	63.82585	342.3454	-50.824516	-5.340576e-09	-0.014226331	1.953125e-07	-0.083008006	452.82806	-304.0071	29897.324	-7074.535	0	0	1.363946	0.0	1.8243179	0.009129843	1240000.0	12039.840176582336
62	-87.59498	211.66002	248.71011	-573.0265	2008.0	1822.8154	5760.0	0.0	1000.0	1327610.0	1.0536587301587301	-12.388817	22.482742	88.04589	-89.15178	112.57607	49.07178	317.30984	-42.08382	-3.0517577e-09	-0.015047229	-3.90625e-07	-0.1266543	561.80927	-359.16327	108378.445	-21421.633	0	0	1.382644	0.0	1.8218018	0.009085732	1260000.0	12235.108943223953
63	-94.26594	223.34695	250.66805	-820.7088	1357.5	1447.9774	4720.0	0.0	1000.0	1354760.0	1.05840625	-6.292087	25.951464	90.09569	-78.913475	180.36905	62.756912	359.631	-21.083275	0.0	-0.014969668	3.90625e-07	-0.23682734	600.2416	-405.7708	60925.695	-18217.738	0	0	1.3274632	0.0	1.8153102	0.009116808	1280000.0	12429.855711221695
64	-91.7581	211.96317	166.39256	-600.80536	1227.0	1212.11	4910.0	0.0	1000.0	1379300.0	1.061	-10.335154	24.075922	79.25059	-93.1339	140.435	86.91311	375.6567	-50.30156	-3.0517577e-09	-0.015423411	5.859375e-07	-0.28187364	543.8472	-362.35095	44159.28	-12822.242	0	0	1.3418832	0.0	1.8055089	0.0090393415	1300000.0	12625.001353263855
65	-123.191895	215.34705	117.39639	-677.30054	1378.5	1246.1271	3980.0	0.0	1000.0	1406870.0	1.065810606060606	-10.790364	25.705376	89.29858	-81.29237	124.36909	54.978607	370.99152	-58.174686	-9.155274e-09	-0.015178922	7.8125e-07	-0.0797418	497.92535	-323.2486	46775.555	-12546.387	0	0	1.2974813	0.0	1.8255656	0.00967641	1320000.0	12821.045734167099
66	-86.754944	168.13069	137.3536	-553.6712	936.0	1145.6544	3370.0	0.0	1000.0	1425590.0	1.0638731343283583	-6.0203915	22.936674	92.36127	-79.547775	116.29339	53.422173	386.64322	-52.326923	1.0681152e-08	-0.015967311	-1.171875e-06	-0.025623048	433.9395	-272.60873	27248.518	-6703.797	0	0	1.2782378	0.0	1.8115456	0.009166078	1340000.0	13016.226827383041
67	-9.334501	135.34264	287.46646	-266.1317	1353.0	1568.219	4670.0	0.0	1000.0	1452650.0	1.068125	-2.6005008	20.007774	87.10244	-80.191185	93.867935	53.260437	386.29175	-35.732044	-1.6784668e-08	-0.013783495	4.6875e-06	-0.07575195	466.2869	-304.45795	55052.85	-10229.965	0	0	1.4341633	0.0	1.8026745	0.00940186	1360000.0	13212.174271345139
68	-78.968056	202.22664	184.7013	-686.4307	745.0	947.7526	2980.0	0.0	1000.0	1467550.0	1.0634420289855073	-4.188718	23.208946	98.47464	-80.23465	134.72409	64.066154	365.74567	-67.1276	1.373291e-08	-0.015229127	-1.953125e-06	-0.089781255	569.3706	-356.25275	31035.367	-9280.08	0	0	1.3197184	0.0	1.7881708	0.009407751	1380000.0	13407.707369089127
69	-13.058617	213.94406	264.11838	-540.5301	1070.5	1024.8486	2760.0	0.0	1000.0	1488960.0	1.0635428571428571	-1.7548629	25.170984	95.02221	-68.615654	75.613716	50.80845	357.4361	-44.53894	-1.449585e-08	-0.0141129	2.34375e-06	-0.019176172	584.5835	-374.61105	32123.904	-10068.186	0	0	1.4459139	0.0	1.7776408	0.0094322	1400000.0	13603.757002830505
70	39.88687	146.1953	388.2179	-235.67453	1126.5	1649.6404	6900.0	0.0	1000.0	1511490.0	1.0644295774647887	4.371264	23.95395	101.89196	-66.83732	93.13302	63.492783	383.70175	-73.140495	9.155274e-09	-0.016397217	1.5625e-06	-0.01586328	612.0189	-401.18417	53156.43	-11554.4375	0	0	1.2552097	0.0	1.7614598	0.009351494	1420000.0	13799.486147403717
71	-121.474304	265.9865	251.86699	-653.5734	1412.5	2026.8076	9110.0	0.0	1000.0	1539740.0	1.0692638888888888	-3.7726297	27.716635	111.570175	-80.38151	106.47693	73.07153	398.9633	-90.990074	-1.2207031e-08	-0.014391602	0.0	-0.018051563	695.7367	-489.97015	69090.28	-22506.441	0	0	1.374865	0.0	1.7385349	0.009192517	1440000.0	13994.390208005905
72	-138.496	328.29562	185.51906	-817.35144	1544.5	1613.0544	4820.0	0.0	1000.0	1570630.0	1.0757739726027398	-10.412646	34.447414	101.49859	-86.104256	142.86853	106.91772	418.98492	-63.249454	1.525879e-08	-0.014134585	-3.90625e-07	-0.16736367	619.4546	-417.20258	38819.812	-11080.369	0	0	1.428908	0.0	1.7320204	0.00926126	1460000.0	14189.80594778061
73	48.234123	205.96391	394.77435	-440.38895	639.0	900.38824	3510.0	0.0	1000.0	1583410.0	1.0698716216216215	0.8147239	28.915667	94.44008	-93.02618	114.645615	71.79179	432.0715	-74.48579	-9.155274e-09	-0.014336195	9.765625e-07	-0.06920176	668.1073	-445.95093	19737.281	-7244.5244	0	0	1.3820822	0.0	1.7329493	0.009328175	1480000.0	14383.938205957413
74	-38.10426	259.79034	412.439	-616.81775	2350.5	2270.5032	7860.0	0.0	1000.0	1630420.0	1.0869466666666667	-0.64922893	32.25495	116.8442	-94.80262	65.91089	59.59252	392.39038	-72.43209	-2.4795533e-08	-0.013428783	0.0	-0.31269062	652.76514	-406.5595	126566.63	-46311.5	0	0	1.4976705	0.0	1.7347543	0.009398097	1500000.0	14579.979615449905
75	96.76368	235.00867	399.06253	-817.2103	1095.0	1259.3192	4140.0	0.0	1000.0	1652320.0	1.0870526315789473	8.852126	30.310184	119.112144	-90.4705	173.63576	91.769295	469.86685	-118.90212	0.0	-0.014520459	1.953125e-06	0.06027754	546.53595	-364.62158	67552.266	-19798.371	0	0	1.3974779	0.0	1.7034714	0.009383097	1520000.0	14775.801842451096
76	10.220673	262.65793	365.5097	-553.4979	1574.0	1851.7246	7230.0	0.0	1000.0	1683800.0	1.0933766233766233	5.902308	33.281002	119.438484	-88.35146	115.49716	79.123665	464.68808	-91.553955	-1.411438e-08	-0.015136043	-1.5625e-06	-0.1987914	731.488	-500.67062	60884.72	-21186.352	0	0	1.3446624	0.0	1.6856638	0.009342891	1540000.0	14971.005537748337
77	-15.482897	233.57523	257.63647	-599.0826	1925.5	2477.2434	12150.0	0.0	1000.0	1722310.0	1.1040448717948719	-0.35515127	33.080894	110.6219	-106.23604	131.924	92.2872	494.73343	-95.5832	-7.629395e-09	-0.014417192	2.34375e-06	0.002917969	679.6439	-470.73682	115250.47	-30863.742	0	0	1.3562989	0.0	1.6977773	0.009145352	1560000.0	15166.88166642189
78	-4.382724	302.21158	508.5714	-718.5807	1334.5	1397.1023	5970.0	0.0	1000.0	1749000.0	1.1069620253164556	-0.48983985	37.099102	118.17535	-97.05271	160.21336	94.86307	517.7174	-111.40672	6.1035155e-09	-0.015636422	0.0	-0.18309747	689.69604	-455.76477	34183.617	-8221.428	0	0	1.2603788	0.0	1.6882052	0.009112815	1580000.0	15362.565519094467
79	109.14036	267.9689	568.4841	-788.42474	1388.0	2346.8162	8880.0	0.0	1000.0	1776760.0	1.110475	13.23865	34.375717	116.210266	-78.93913	107.72694	68.344086	524.2335	-69.15669	1.2207031e-08	-0.015011856	5.859375e-07	-0.10296778	697.2782	-463.96478	78436.54	-17494.883	0	0	1.3082204	0.0	1.6758854	0.009049588	1600000.0	15558.313301086426
80	14.102689	329.45517	537.5639	-708.02185	1580.0	1506.0844	4490.0	0.0	1000.0	1808360.0	1.1162716049382717	3.6046655	40.292614	130.4195	-100.36602	153.28268	122.06901	549.0071	-61.281776	1.8310548e-08	-0.01523573	5.859375e-07	-0.3882553	736.2514	-484.63785	28101.559	-7926.709	0	0	1.3293036	0.0	1.6651976	0.009599524	1620000.0	15755.231305599213
81	-37.124397	365.39392	455.18842	-786.66473	1625.0	1452.0037	4770.0	0.0	1000.0	1840860.0	1.1224756097560975	-0.49698788	40.845512	127.02049	-101.08727	154.66435	121.514114	558.9356	-58.917698	4.577637e-09	-0.01477822	-7.8125e-07	-0.16084415	804.27234	-557.7909	29676.256	-8410.258	0	0	1.3968339	0.0	1.6503539	0.009687784	1640000.0	15950.836194515228
82	18.434845	319.89545	475.16882	-828.83496	2210.0	2625.5493	10800.0	0.0	1000.0	1885060.0	1.135578313253012	3.2955492	41.018154	128.18835	-102.35774	144.29866	129.29333	564.5046	-28.707317	1.2207031e-08	-0.015741685	0.0	-0.09459199	658.1676	-454.39618	70394.984	-20202.742	0	0	1.2841642	0.0	1.6396432	0.009201474	1660000.0	16146.814512729645
83	20.717663	303.8716	402.39072	-772.5377	1559.5	1345.7543	4440.0	0.0	1000.0	1916250.0	1.140625	3.488553	40.00571	129.6446	-102.21672	191.4343	140.09044	595.1338	-45.320213	-2.1362304e-08	-0.014911398	7.8125e-07	-0.3341668	720.4142	-502.13428	40264.48	-12252.916	0	0	1.3401759	0.0	1.6109228	0.009446113	1680000.0	16342.330431461334
84	133.90622	206.25815	523.786	-230.92723	1267.0	1320.7842	4550.0	0.0	1000.0	1941590.0	1.1421117647058823	14.12444	37.516987	124.01888	-90.19903	131.69862	95.11996	579.9152	-70.2679	1.2207031e-08	-0.015976753	9.765625e-07	-0.13915372	854.02	-551.34216	61812.203	-20013.074	0	0	1.242345	0.0	1.6168272	0.009120358	1700000.0	16537.355459213257
85	-22.092937	351.5751	466.85034	-708.2784	1542.0	1139.7965	4370.0	0.0	1000.0	1972430.0	1.1467616279069768	2.8704844	42.93789	121.68118	-99.4503	149.54788	128.6817	586.0901	-57.109375	-1.2207031e-08	-0.015447198	-7.8125e-07	-0.34859064	727.1846	-492.82657	34203.965	-12908.123	0	0	1.3180027	0.0	1.6140172	0.00921193	1720000.0	16733.81508374214
86	-51.184334	423.05713	539.64844	-758.8993	1819.5	1995.8744	8490.0	0.0	1000.0	2008820.0	1.154494252873563	-4.006397	44.046295	123.02255	-97.305626	173.23233	134.27826	589.1778	-64.39452	1.8310548e-08	-0.017002061	-7.8125e-07	-0.2047547	784.6058	-555.66797	58219.89	-19738.855	0	0	1.2041477	0.0	1.6044316	0.009241994	1740000.0	16930.531503915787
87	-13.30287	324.9984	495.1146	-753.6203	1508.5	1379.1202	4410.0	30.0	1000.0	2038990.0	1.1585170454545455	4.060632	45.000004	135.81541	-95.932434	176.77927	158.49843	617.15533	-83.81549	-1.8310548e-08	-0.01569169	-3.90625e-07	-0.26784414	823.0201	-589.07104	31071.182	-10883.814	0	0	1.25792	0.0	1.5761867	0.009274142	1760000.0	17126.424129009247
88	63.892784	198.36914	391.82794	-379.2884	1688.5	1416.7825	5190.0	0.0	1000.0	2072760.0	1.1644719101123595	5.884876	37.44316	117.71463	-102.12622	119.347435	86.70775	580.8258	-89.24424	9.155274e-09	-0.014533659	1.5625e-06	0.01764414	746.1601	-507.797	64692.01	-16367.969	0	0	1.3620632	0.0	1.5564623	0.009217652	1780000.0	17321.844859600067
89	-113.72609	393.82428	522.13116	-820.17444	2285.0	1888.0134	6620.0	0.0	1000.0	2118460.0	1.1769222222222222	-5.424836	44.01986	122.81273	-95.07271	197.90218	110.4957	538.54156	-30.701138	2.1362304e-08	-0.014211277	1.5625e-06	0.018616015	685.87616	-484.1919	65466.08	-23575.504	0	0	1.4188913	0.0	1.5551732	0.009650133	1800000.0	17517.322010040283
90	90.61698	193.7455	478.86954	-248.9633	1580.0	1124.7133	4190.0	70.0	1000.0	2150060.0	1.1813516483516484	3.8617828	39.555264	118.34906	-102.18975	186.95183	129.34978	622.3032	-65.412025	-1.9073486e-08	-0.013348941	7.8125e-07	-0.277707	668.0969	-469.58832	51516.87	-16959.367	0	0	1.4443703	0.0	1.5401655	0.009348901	1820000.0	17713.90668439865
91	38.741467	280.8268	471.9337	-557.9165	1474.0	1212.5732	4260.0	0.0	1000.0	2179540.0	1.1845326086956522	6.1600204	38.62675	123.45364	-88.682755	162.51227	78.23957	590.35736	-41.006428	-6.1035155e-09	-0.01545048	-1.3671875e-06	-0.14122637	1029.5065	-727.037	45469.88	-18164.033	0	0	1.3029181	0.0	1.542036	0.009385576	1840000.0	17909.653693675995
92	219.89893	208.4874	687.3507	-211.206	1053.5	1063.3075	3850.0	0.0	1000.0	2200610.0	1.1831236559139784	20.573618	36.903313	135.74118	-90.01439	108.50675	70.35703	601.2764	-98.14588	-3.0517577e-09	-0.015688965	-2.9296876e-07	-0.23276825	832.795	-525.9613	45068.07	-9725.0	0	0	1.2788821	0.0	1.5348756	0.009194206	1860000.0	18104.349817037582
93	-30.921143	297.61862	332.92758	-797.3174	1781.5	1773.5339	7400.0	0.0	1000.0	2236240.0	1.1894893617021276	3.4944687	42.403103	122.3868	-101.70656	166.92607	143.91978	598.62964	-61.274353	6.1035155e-09	-0.016394835	-7.8125e-07	-0.095711716	790.7275	-571.42816	48085.36	-15776.221	0	0	1.2450155	0.0	1.5219588	0.009403292	1880000.0	18300.16786289215
94	4.1253576	299.91687	381.45886	-695.1045	1897.5	2316.2986	10070.0	0.0	1000.0	2274190.0	1.196942105263158	1.1954817	44.46438	133.83936	-98.63654	160.43294	123.24319	651.1008	-115.179085	1.5258789e-09	-0.014168584	5.859375e-07	-0.098817974	661.7656	-445.3792	68211.97	-26602.344	0	0	1.3942136	0.0	1.5216749	0.009301141	1900000.0	18496.362692832947
95	27.524847	369.96912	623.1706	-913.5591	1298.0	1540.7777	6620.0	0.0	1000.0	2300150.0	1.1979947916666667	5.418374	40.51871	125.54776	-99.2763	152.64581	125.979965	666.7259	-59.50784	-1.8310548e-08	-0.016157992	0.0	-0.23966153	1017.7969	-717.8287	34994.297	-18587.54	0	0	1.2464045	0.0	1.5055162	0.009447062	1920000.0	18693.14282155037
96	57.57379	358.82428	519.753	-651.6361	1594.5	1339.4308	4950.0	0.0	1000.0	2332040.0	1.2020824742268041	10.328343	47.08666	140.17094	-96.4199	104.23596	122.74597	691.0287	-76.83831	1.373291e-08	-0.015035863	1.953125e-06	-0.45162502	876.9439	-569.51404	62557.625	-25412.184	0	0	1.2941407	0.0	1.4935782	0.009549931	1940000.0	18889.302940368652
97	85.33046	270.4294	567.8398	-551.66327	1816.5	2512.384	11180.0	0.0	1000.0	2368370.0	1.2083520408163266	10.763687	39.510944	135.12047	-94.62256	141.38106	133.03307	690.9523	-69.06352	-2.746582e-08	-0.013594428	7.8125e-07	-0.52880704	730.5449	-483.62177	119726.836	-47449.72	0	0	1.5100437	0.0	1.4840522	0.009428987	1960000.0	19085.083439350128
98	192.37204	231.80438	630.93274	-328.1833	1777.5	1554.8405	6420.0	0.0	1000.0	2403920.0	1.2141010101010101	15.825932	37.294582	126.3369	-104.04211	160.92787	136.64131	722.9607	-50.588226	1.373291e-08	-0.01481208	3.4179686e-07	-0.23569869	853.5841	-565.2888	78317.79	-22618.27	0	0	1.3489217	0.0	1.4766839	0.009484631	1980000.0	19281.263113975525
99	94.0598	414.14505	636.9008	-839.80396	2148.5	2407.6965	7700.0	80.0	1000.0	2446890.0	1.223445	10.373875	44.443214	135.55884	-95.597626	214.40285	162.18387	731.92865	-53.643574	1.525879e-08	-0.014458804	-3.90625e-06	-0.27496034	858.0766	-598.33844	67014.78	-29457.086	0	0	1.420301	0.0	1.4762132	0.009485957	2000000.0	19478.087419509888
