Epoch	AverageEpRet	StdEpRet	MaxEpRet	MinEpRet	AverageTestEpRet	StdTestEpRet	MaxTestEpRet	MinTestEpRet	EpLen	TestEpLen	AverageEpCost	StdEpCost	MaxEpCost	MinEpCost	AverageTestEpCost	StdTestEpCost	MaxTestEpCost	MinTestEpCost	TotalEnvInteracts	AverageQVals	StdQVals	MaxQVals	MinQVals	LossPi	LossQ	Time
1	-354.4405	120.52087	-176.732	-523.87	-346.67407	177.6386	3.767133	-636.70764	1000.0	1000.0	696.0	955.2403	2510.0	0.0	1945.5	2537.4644	8640.0	0.0	10000.0	-1.7444519	1.4307736	7.0376143	-8.121136	1.5254505	0.113528885	110.45066452026367
2	-504.71893	119.78477	-348.51215	-679.8225	-336.8281	173.41846	-70.07904	-582.0009	1000.0	1000.0	800.0	526.9155	1420.0	0.0	1640.5	2671.7212	8830.0	0.0	20000.0	-2.9979453	2.231425	8.658549	-14.417888	2.7148504	0.12988983	230.51114583015442
3	-336.68793	140.19945	-194.48997	-625.9779	-392.29532	209.92024	-0.00025165267	-702.92865	1000.0	1000.0	30.0	62.609905	190.0	0.0	1335.0	2113.645	7330.0	0.0	30000.0	-4.817256	3.9056368	9.677158	-18.376263	4.4839497	0.16263203	349.9674139022827
4	-370.14346	228.22203	-79.98867	-680.59906	-304.7291	155.14362	-7.837144	-587.7741	1000.0	1000.0	430.0	1069.0557	3570.0	0.0	619.0	1106.9774	3550.0	0.0	40000.0	-3.4957013	5.014726	12.787704	-18.760607	3.0455613	0.14918113	461.28643441200256
5	-198.05698	79.00683	-66.26407	-298.58646	-286.93213	202.73872	-4.1946278e-06	-790.12994	1000.0	1000.0	2365.0	2758.7578	7670.0	0.0	562.0	1085.9954	3410.0	0.0	50000.0	0.1074705	5.5458612	22.82999	-18.547787	-0.6063753	0.15278627	568.9736595153809
6	-372.24274	185.47995	-4.752307	-628.70276	-323.09344	171.24026	-111.50142	-701.79376	1000.0	1000.0	419.0	851.3924	2900.0	0.0	1348.0	1447.8212	3420.0	0.0	60000.0	3.3183575	6.468564	43.200146	-16.449598	-3.8358898	0.17308415	676.9820992946625
7	-245.25049	100.90551	-79.98579	-382.07523	-298.54825	217.24724	0.019360686	-649.7361	1000.0	1000.0	0.0	0.0	0.0	0.0	1109.5	1452.0312	4690.0	0.0	70000.0	6.61628	7.1503344	54.545208	-16.36978	-7.1777577	0.20679551	784.9403643608093
8	-345.22638	167.82681	-12.461477	-531.48114	-299.84467	169.67229	-0.0002538473	-516.56683	1000.0	1000.0	242.0	491.3817	1570.0	0.0	1510.5	3267.6958	12730.0	0.0	80000.0	10.786287	9.399678	66.534645	-14.579166	-11.449151	0.27793747	893.3078966140747
9	-290.48383	99.48452	-80.91548	-457.6096	-373.97772	174.61456	-105.47029	-749.8668	1000.0	1000.0	0.0	0.0	0.0	0.0	921.0	1172.953	4000.0	0.0	90000.0	15.925139	11.599212	80.351555	-14.058033	-16.614958	0.29646075	1002.7665326595306
10	-243.75693	149.07526	-66.21467	-489.42984	-218.92639	128.11569	-3.626153	-549.1788	1000.0	1000.0	14.0	42.0	140.0	0.0	380.0	885.12714	2960.0	0.0	100000.0	22.209148	14.49489	88.0938	-14.312895	-23.01282	0.41840714	1110.4130141735077
11	-165.20602	142.67375	0.7858835	-378.86575	-376.5869	190.85231	-3.9056997	-754.6118	1000.0	1000.0	376.0	733.7465	2300.0	0.0	703.5	1376.2677	4160.0	0.0	110000.0	26.746422	14.091361	88.06399	-11.728352	-27.511553	0.46285996	1218.278312444687
12	-403.1801	76.41802	-298.86783	-561.39056	-350.4271	220.3301	-1.9784055e-07	-687.9319	1000.0	1000.0	80.0	240.0	800.0	0.0	16.0	52.8583	240.0	0.0	120000.0	35.94581	14.001586	92.22341	-8.717416	-37.03926	0.5726276	1327.9143996238708
13	-316.61377	240.73659	-79.97889	-722.1167	-330.5157	157.05675	-2.0285099	-529.7266	1000.0	1000.0	686.0	1373.2312	3560.0	0.0	476.5	1188.0542	5090.0	0.0	130000.0	45.714146	15.435419	104.49597	-3.6016293	-46.96945	0.7026995	1431.3619434833527
14	-387.91782	307.8784	-0.35858738	-1069.8835	-335.05627	149.81151	-96.92809	-581.8315	1000.0	1000.0	692.0	1677.5983	5580.0	0.0	544.0	980.77216	3040.0	0.0	140000.0	52.54877	14.1229315	129.14128	4.583733	-53.37685	0.64803255	1534.368907213211
15	-307.1748	217.64732	-80.11914	-767.1466	-246.96182	150.71498	2.6308444	-599.777	1000.0	1000.0	793.0	1288.6741	3500.0	0.0	1533.5	2231.5293	6910.0	0.0	150000.0	48.478703	13.370112	136.58844	14.485687	-49.126793	0.59384954	1638.3550658226013
16	-359.96494	186.60468	-3.4479702	-603.3563	-275.59146	187.62044	1.8983011	-568.5801	1000.0	1000.0	173.0	519.0	1730.0	0.0	290.5	795.59705	3410.0	0.0	160000.0	46.435818	15.679533	146.30275	16.581211	-47.16811	0.6146864	1741.6927590370178
17	-414.20508	439.3447	24.384268	-1614.232	-407.8952	161.39001	-79.9887	-631.9014	1000.0	1000.0	353.0	893.2195	3000.0	0.0	193.5	843.4469	3870.0	0.0	170000.0	42.863308	17.777334	148.84642	8.462069	-43.36545	0.5943074	1845.535222530365
18	-256.93365	164.78174	-0.027042482	-491.86234	-322.14542	259.92767	1.9964571	-704.46356	1000.0	1000.0	242.0	549.1229	1790.0	0.0	435.0	1048.5061	3250.0	0.0	180000.0	37.81513	20.962103	150.49316	0.74687755	-38.376476	0.6440874	1949.2891731262207
19	-378.32355	179.99365	-35.858833	-690.96405	-319.2824	211.9191	-0.9882285	-700.3083	1000.0	1000.0	1662.0	1997.0317	6440.0	0.0	1844.5	1970.0443	5980.0	0.0	190000.0	34.401405	26.367008	169.81464	-9.931342	-34.97865	0.7752544	2053.038088083267
20	-449.69067	260.7377	-92.058876	-1002.9805	-301.9588	113.55978	-79.98543	-442.95047	1000.0	1000.0	0.0	0.0	0.0	0.0	536.0	1364.1276	4910.0	0.0	200000.0	33.740437	32.629814	207.0525	-13.640397	-34.428406	1.099253	2156.577624797821
21	-302.7171	262.83853	-2.622835	-797.17896	-369.20645	198.68849	-53.645443	-752.3284	1000.0	1000.0	38.0	110.70682	370.0	0.0	0.0	0.0	0.0	0.0	210000.0	32.921406	37.334	255.17128	-15.621669	-33.545727	1.1234154	2259.717085838318
22	-311.06512	275.43335	-57.485836	-916.9663	-259.23016	199.34222	26.059889	-671.5788	1000.0	1000.0	716.0	1213.3112	3870.0	0.0	801.0	1475.635	5110.0	0.0	220000.0	31.879162	37.97868	271.98148	-19.846666	-32.493862	1.0614414	2363.403082370758
23	-370.57355	233.23781	-45.610966	-798.6901	-217.69995	134.95595	-60.378147	-603.69617	1000.0	1000.0	1153.0	2444.6843	7580.0	0.0	984.5	1876.5592	5100.0	0.0	230000.0	31.104721	41.44895	255.38617	-26.957361	-31.695887	1.1906613	2468.25683927536
24	-304.07684	132.28851	-26.562014	-500.57523	-368.68805	213.81335	0.45807222	-749.1041	1000.0	1000.0	231.0	526.2404	1770.0	0.0	1078.0	2205.4128	7180.0	0.0	240000.0	29.696898	44.121174	283.7087	-28.843616	-30.274103	1.3094771	2572.081954717636
25	-397.14542	220.72842	-17.638594	-737.9063	-319.67865	127.90578	7.2163607e-06	-510.3228	1000.0	1000.0	1092.0	2406.5278	7720.0	0.0	488.0	1090.3972	3820.0	0.0	250000.0	30.909801	47.00248	365.62155	-31.150467	-31.778141	1.6388215	2676.6131279468536
26	-287.91113	79.02017	-134.06839	-392.1404	-297.13177	173.66344	-5.2463694	-631.4455	1000.0	1000.0	1721.0	2088.054	5730.0	0.0	568.0	1097.6821	3850.0	0.0	260000.0	37.878513	53.448322	384.66977	-35.580044	-38.840683	1.8627098	2780.125993013382
27	-442.44244	207.98364	-95.81523	-791.45685	-347.57272	132.85255	-140.5633	-620.63806	1000.0	1000.0	1750.0	2141.0464	5890.0	0.0	852.5	1330.9653	4790.0	0.0	270000.0	42.065315	60.722824	417.38455	-37.486107	-42.923344	2.5376015	2884.0295674800873
28	-460.11777	175.38036	-87.747116	-698.7906	-240.42001	121.937675	-0.00038062775	-440.49902	1000.0	1000.0	99.0	297.0	990.0	0.0	773.5	1238.702	4120.0	0.0	280000.0	47.521214	66.95107	449.62424	-38.91863	-48.711086	2.6304736	2988.561591863632
29	-325.63104	151.93039	-128.67525	-640.8527	-214.11899	171.74455	90.12155	-476.46378	1000.0	1000.0	231.0	476.95807	1450.0	0.0	149.0	469.18973	2060.0	0.0	290000.0	55.069614	74.268524	498.4553	-34.96168	-56.20006	2.9670496	3091.8068306446075
30	-329.15253	156.9589	-162.71584	-747.92566	-242.79956	174.25034	-0.051619716	-536.3902	1000.0	1000.0	122.0	340.17053	1140.0	0.0	335.0	932.52075	3540.0	0.0	300000.0	62.528126	80.649536	578.0616	-32.512966	-63.920074	3.4370894	3195.334414243698
31	-304.9358	183.99098	-80.21727	-638.5807	-354.81357	207.61028	-0.44519195	-800.37054	1000.0	1000.0	0.0	0.0	0.0	0.0	254.5	715.6918	2740.0	0.0	310000.0	85.52913	102.47795	647.595	-33.181255	-88.05151	4.4574633	3299.926012277603
32	-328.1078	166.10298	-134.13118	-649.2803	-308.7216	158.95139	-80.3002	-600.61383	1000.0	1000.0	1055.0	1603.6224	4220.0	0.0	384.0	986.00916	3670.0	0.0	320000.0	119.8264	135.62927	562.06854	-36.29417	-123.07391	5.548611	3404.5289199352264
33	-209.49768	160.71541	0.97635686	-505.4876	-308.82358	201.23604	-2.1282342e-06	-759.56604	1000.0	1000.0	305.0	771.1712	2580.0	0.0	263.0	867.4566	3770.0	0.0	330000.0	169.08301	179.0968	601.70044	-41.481297	-173.22888	8.120481	3508.571686267853
34	-284.18613	204.09534	-72.03194	-597.7988	-251.46884	174.90977	0.89218074	-541.62726	1000.0	1000.0	10.0	30.0	100.0	0.0	64.0	196.1479	850.0	0.0	340000.0	204.32684	205.5166	593.98755	-41.442215	-207.467	9.339723	3615.2112789154053
35	-348.30353	224.80095	0.978742	-660.44525	-304.13574	185.43993	-17.800783	-596.0905	1000.0	1000.0	0.0	0.0	0.0	0.0	1459.5	1842.1277	5440.0	0.0	350000.0	213.68349	212.65364	592.1658	-39.341747	-216.19658	8.539673	3719.1446692943573
36	-362.88043	164.21951	-89.629974	-607.8117	-414.93158	177.31474	-91.92641	-668.7297	1000.0	1000.0	1252.0	2474.0	8040.0	0.0	381.0	967.4653	3710.0	0.0	360000.0	205.12343	205.94128	622.914	-40.184746	-206.88264	6.5504475	3822.8529617786407
37	-353.66983	148.15356	-155.41403	-621.2029	-285.43256	145.41595	-80.212	-520.3417	1000.0	1000.0	554.0	1090.0569	3530.0	0.0	601.5	1538.5975	6020.0	0.0	370000.0	184.93806	187.38568	618.0652	-34.244446	-186.42863	5.2629085	3927.204881668091
38	-358.47397	159.37643	-87.47838	-575.19806	-318.25708	158.94147	0.58644503	-559.29834	1000.0	1000.0	0.0	0.0	0.0	0.0	401.0	1181.2828	4110.0	0.0	380000.0	171.55849	174.29716	632.7849	-32.50754	-173.16547	5.0272403	4031.6811459064484
39	-349.28244	155.4951	-118.22167	-553.3455	-361.62054	184.58702	-6.459292	-704.5092	1000.0	1000.0	8.0	24.0	80.0	0.0	404.5	881.9267	3040.0	0.0	390000.0	160.09375	167.51122	655.45	-36.792664	-161.57643	5.052451	4135.336874961853
40	-325.2793	126.736946	-162.1254	-643.9501	-358.82214	132.6614	-72.3818	-515.66364	1000.0	1000.0	518.0	1270.1874	4280.0	0.0	603.0	1002.07336	3950.0	0.0	400000.0	150.17772	162.88715	661.50854	-35.629364	-151.87352	5.2316403	4239.949423551559
41	-359.084	257.42816	28.967443	-809.16583	-356.8162	181.8094	-77.77303	-776.3194	1000.0	1000.0	806.0	1644.7261	4760.0	0.0	696.0	1679.8137	6790.0	0.0	410000.0	157.38698	170.9785	621.47516	-36.522575	-160.02014	5.7317815	4344.148828744888
42	-356.67865	170.95003	-146.30704	-738.029	-328.72495	241.57701	-6.215478	-752.0873	1000.0	1000.0	263.0	789.0	2630.0	0.0	913.0	1953.607	6860.0	0.0	420000.0	171.55244	182.79059	553.4475	-39.116238	-173.94867	5.3318505	4448.553014278412
43	-320.62106	206.47574	-61.1322	-663.6152	-340.67072	164.53105	1.0188484	-605.2974	1000.0	1000.0	365.0	575.2434	1550.0	0.0	148.5	355.91116	1200.0	0.0	430000.0	175.33063	186.97548	591.44684	-33.999603	-177.28413	5.04183	4552.375122785568
44	-466.56573	217.71701	-65.14154	-753.9698	-363.55475	174.81612	56.860493	-639.6925	1000.0	1000.0	591.0	993.90594	2580.0	0.0	519.0	822.47125	3010.0	0.0	440000.0	164.24417	177.22694	650.99927	-37.337677	-165.58452	4.597895	4657.007108449936
45	-262.98636	212.4851	-11.487429	-686.3872	-365.56244	159.2196	-106.69342	-790.8425	1000.0	1000.0	13.0	39.0	130.0	0.0	1060.0	1966.8859	6420.0	0.0	450000.0	144.86066	158.91548	552.9122	-40.53094	-145.85492	3.596052	4761.63196849823
46	-279.89932	168.54799	-72.29729	-585.50464	-298.59894	144.35144	-85.516556	-542.11725	1000.0	1000.0	526.0	984.5933	2600.0	0.0	282.0	575.4529	1920.0	0.0	460000.0	126.34704	141.99818	484.13992	-41.767803	-127.22989	2.9327028	4865.631365060806
47	-358.1374	281.6797	58.024883	-927.7729	-301.37286	162.20972	-2.5418293	-682.261	1000.0	1000.0	491.0	636.4189	1610.0	0.0	1039.0	2154.9172	7100.0	0.0	470000.0	107.86493	126.80813	462.6322	-41.598488	-108.56272	2.7434227	4969.838047504425
48	-430.2001	171.29994	-0.0003411905	-667.2848	-333.8478	197.48746	99.43552	-735.8382	1000.0	1000.0	849.0	1836.586	5810.0	0.0	865.0	1651.6007	4940.0	0.0	480000.0	92.20767	116.74534	488.17758	-43.19716	-92.97226	2.951786	5074.076994180679
49	-359.17776	219.30576	-41.500206	-734.4675	-264.59882	169.3677	-3.0326197	-619.41156	1000.0	1000.0	227.0	681.0	2270.0	0.0	385.0	1371.2202	6290.0	0.0	490000.0	81.75175	109.02894	511.10654	-45.255623	-82.567154	2.9939694	5178.134962320328
50	-293.77213	270.4324	100.15787	-652.22565	-287.2979	181.85303	83.45782	-687.02325	1000.0	1000.0	711.0	1535.4897	5050.0	0.0	941.0	1885.6958	7980.0	0.0	500000.0	73.58072	99.27668	528.03076	-48.63152	-74.35943	2.4239037	5282.837676525116
51	-409.5115	264.3488	-13.958588	-760.37256	-294.8794	184.42252	1.1141227	-715.4446	1000.0	1000.0	73.0	186.92513	630.0	0.0	401.0	860.50507	3100.0	0.0	510000.0	67.71432	89.83146	529.008	-47.84515	-68.50414	2.2706382	5388.289802074432
52	-263.8107	131.65016	-94.02362	-530.84106	-308.70422	120.393776	-72.07694	-509.3972	1000.0	1000.0	379.0	812.6309	2550.0	0.0	1161.5	1909.2518	5720.0	0.0	520000.0	60.239758	80.124756	563.21075	-47.98265	-60.870255	2.1577497	5492.7312688827515
53	-301.9795	112.75576	-103.394264	-483.40494	-306.6502	167.50427	-0.00044335044	-622.0272	1000.0	1000.0	1588.0	2467.1797	6000.0	0.0	714.5	1596.1249	6100.0	0.0	530000.0	54.37781	74.61715	745.76196	-45.93347	-55.06058	2.512389	5596.880961179733
54	-539.81586	297.7202	-212.24124	-1348.788	-617.5399	442.91556	-76.02321	-1576.0085	1000.0	1000.0	2307.0	3243.0266	9700.0	0.0	1296.0	2331.9036	7960.0	0.0	540000.0	49.047054	77.743286	890.5313	-48.399303	-49.698643	3.8220992	5702.102005243301
55	-410.5227	132.33957	-164.53691	-624.6927	-308.45612	219.32597	3.824388	-726.37683	1000.0	1000.0	2184.0	3826.2646	12210.0	0.0	348.5	1000.3363	4200.0	0.0	550000.0	50.94367	92.178825	1442.6133	-60.1811	-52.177	10.255715	5807.015706777573
56	-287.91586	106.65515	-163.02849	-482.90695	-255.34795	228.70464	90.7575	-785.0209	1000.0	1000.0	0.0	0.0	0.0	0.0	0.0	0.0	0.0	0.0	560000.0	67.0406	115.220726	1041.4304	-67.69642	-68.9481	18.96442	5911.068079948425
57	-361.38205	165.83832	-143.82893	-654.981	-279.00845	193.4551	-74.69407	-748.2984	1000.0	1000.0	215.0	515.3106	1710.0	0.0	457.0	957.3928	3690.0	0.0	570000.0	86.55393	135.92134	999.56616	-67.95336	-88.38306	24.31525	6014.738842964172
58	-232.33206	163.56958	-0.007856446	-506.72632	-285.34454	173.78818	-0.06488581	-628.26263	1000.0	1000.0	1574.0	1739.2251	4910.0	0.0	547.5	1190.0751	5210.0	0.0	580000.0	100.17206	146.42488	1231.8119	-57.586903	-102.19963	23.435852	6118.4427485466
59	-332.13165	176.972	-77.46434	-610.891	-374.0103	151.1621	-115.013	-666.3691	1000.0	1000.0	0.0	0.0	0.0	0.0	1885.0	2908.8616	10880.0	0.0	590000.0	120.84448	156.86436	1154.0686	-53.817787	-123.2936	22.74927	6223.067635774612
60	-378.3429	155.22537	-159.96722	-662.2128	-317.15927	183.6935	0.01664545	-608.1896	1000.0	1000.0	543.0	1573.1499	5260.0	0.0	164.5	508.29593	2030.0	0.0	600000.0	148.38629	177.18187	1479.4305	-60.31824	-151.7434	20.617968	6327.483216285706
61	-355.11032	270.03473	38.903328	-753.4884	-309.4753	175.17847	1.5194489	-578.6861	1000.0	1000.0	261.0	628.2587	2090.0	0.0	338.0	1014.0197	3400.0	0.0	610000.0	184.14047	201.97066	1396.9939	-60.910328	-187.53937	15.988482	6431.775775432587
62	-348.81003	169.42166	-41.58038	-643.9323	-365.45404	156.20123	-1.786474	-558.1398	1000.0	1000.0	1133.0	1583.3827	5110.0	0.0	362.5	871.34875	3350.0	0.0	620000.0	206.84683	217.01372	1259.5492	-38.999676	-209.86435	12.906945	6536.490918159485
63	-300.1978	125.91809	-128.22865	-485.74484	-322.3498	239.78831	-2.9167047	-649.9747	1000.0	1000.0	134.0	402.0	1340.0	0.0	1106.5	1813.9164	6570.0	0.0	630000.0	215.68486	227.58276	1104.4174	-37.817047	-218.56728	13.623074	6640.820572853088
64	-350.14362	165.34964	-0.30709255	-599.16614	-272.5678	210.71089	-3.9922569	-653.28394	1000.0	1000.0	901.0	1189.1127	3400.0	0.0	838.5	2541.6143	10520.0	0.0	640000.0	236.07715	248.72202	1050.6437	-47.583992	-239.81328	13.362635	6744.36573600769
65	-336.58755	190.12062	-128.05692	-777.5532	-339.7652	200.34483	-77.05813	-795.3971	1000.0	1000.0	321.0	589.53284	1570.0	0.0	607.5	1331.2283	4280.0	0.0	650000.0	252.88136	259.83035	1095.7379	-49.71837	-256.25085	12.848462	6848.177737951279
66	-207.21404	90.2128	-100.88734	-363.9769	-343.75574	138.57745	-80.60586	-624.1218	1000.0	1000.0	0.0	0.0	0.0	0.0	610.5	1301.4432	4190.0	0.0	660000.0	280.12433	281.4095	1088.52	-39.82864	-285.54095	15.766369	6952.708955526352
67	-427.3527	137.59969	-211.46407	-641.4663	-307.2269	163.13596	0.7598636	-513.3346	1000.0	1000.0	0.0	0.0	0.0	0.0	1296.0	2023.2014	6490.0	0.0	670000.0	345.65073	344.2945	1354.1892	-51.954357	-351.7917	21.115017	7057.099294424057
68	-235.8248	176.40166	-69.97564	-549.6526	-323.5062	163.74724	-76.29811	-619.8939	1000.0	1000.0	1438.0	1901.9191	4790.0	0.0	488.5	981.77014	3690.0	0.0	680000.0	384.3505	389.8189	1360.9955	-55.357193	-389.67514	21.297874	7161.299064159393
69	-278.4455	126.33338	-6.8239403	-435.18347	-318.20972	161.5259	0.9927976	-589.2977	1000.0	1000.0	748.0	1555.1578	4690.0	0.0	1000.5	1438.0454	4570.0	0.0	690000.0	414.03503	424.69757	1333.3309	-52.34227	-419.4206	22.424028	7267.483900308609
70	-226.57764	102.96331	-75.31708	-401.1918	-452.18735	205.45824	-78.17382	-1020.53186	1000.0	1000.0	1284.0	2427.0403	7750.0	0.0	338.0	979.7071	4390.0	0.0	700000.0	412.6727	427.5282	1314.1377	-51.62908	-416.77295	18.446587	7372.445399045944
71	-261.8935	125.15031	-101.32954	-504.21167	-358.99945	168.40321	0.5952373	-689.8973	1000.0	1000.0	626.0	1127.1486	3720.0	0.0	1185.5	2968.4517	9990.0	0.0	710000.0	401.12625	418.07333	1239.3538	-55.936447	-404.70084	14.1882	7477.014561414719
72	-322.33295	118.469536	-171.14566	-501.33936	-336.7994	177.47913	-79.07447	-651.45404	1000.0	1000.0	693.0	1389.9788	3700.0	0.0	698.0	832.668	2380.0	0.0	720000.0	384.59677	400.27286	1187.5452	-60.09861	-388.59354	14.949182	7582.171784162521
73	-406.95044	224.60666	-58.790283	-808.8584	-896.79626	809.29156	-4.0783267	-2487.4607	1000.0	1000.0	1528.0	1722.3461	4460.0	0.0	775.5	1685.2374	6950.0	0.0	730000.0	391.1457	404.35855	1164.3501	-65.97157	-396.1014	19.075441	7687.948379516602
74	-375.63358	493.7566	1.9029762	-1740.6615	-251.11499	132.05237	1.8163708	-454.91928	1000.0	1000.0	248.0	633.1635	2120.0	0.0	1102.5	2624.9187	8860.0	0.0	740000.0	418.29562	434.83307	1384.5269	-57.42897	-424.4572	26.195515	7792.110782623291
75	-369.97528	100.67454	-223.9278	-527.62823	-380.525	213.8996	-2.5152931	-835.0259	1000.0	1000.0	0.0	0.0	0.0	0.0	631.0	1103.2765	4030.0	0.0	750000.0	490.37717	510.6961	1513.9133	-67.15446	-498.9862	35.08985	7897.140847206116
76	-253.16257	148.02907	-47.11221	-512.4976	-288.08728	108.26988	-79.98412	-491.08417	1000.0	1000.0	1080.0	1472.4402	3910.0	0.0	200.0	600.0333	2020.0	0.0	760000.0	520.97925	534.7202	1577.2153	-63.05544	-526.2176	40.927086	8001.7350533008575
77	-317.08344	128.63397	-159.97145	-505.22543	-291.16367	191.62535	-34.357067	-643.8938	1000.0	1000.0	1519.0	2027.0049	5550.0	0.0	287.0	675.9149	1970.0	0.0	770000.0	562.1978	583.0359	1813.6046	-65.707405	-571.5	61.836742	8106.496480703354
78	-228.77058	100.6907	-83.09685	-371.97253	-293.68744	162.60744	1.8134923	-564.70325	1000.0	1000.0	132.0	324.0	1080.0	0.0	2293.5	3236.004	11340.0	0.0	780000.0	653.9701	681.5623	2121.1848	-70.983406	-664.9227	62.280876	8211.150292634964
79	-364.34995	117.90649	-110.21155	-579.58704	-292.2094	190.58115	19.297579	-638.5905	1000.0	1000.0	1828.0	2014.4518	5430.0	0.0	434.5	964.40375	3750.0	0.0	790000.0	692.5736	720.8858	2285.1921	-59.00164	-700.5166	65.928734	8316.466677904129
80	-355.56244	226.25302	-0.00029913906	-740.6565	-377.20648	210.35574	-0.0004919808	-718.60297	1000.0	1000.0	0.0	0.0	0.0	0.0	470.0	1006.61316	3670.0	0.0	800000.0	827.2266	868.09906	2544.9983	-54.408077	-845.8499	86.04307	8421.706063747406
81	-293.09976	163.00089	0.5026323	-459.35284	-452.85693	121.76648	-159.98358	-656.4462	1000.0	1000.0	272.0	574.0697	1770.0	0.0	1016.0	1531.5691	4330.0	0.0	810000.0	981.1857	1013.6294	2839.021	-57.042797	-991.7586	95.24873	8526.619940042496
82	-273.95782	150.40135	-59.910797	-465.71185	-388.918	128.16005	-235.15984	-635.91455	1000.0	1000.0	980.0	1448.6062	4550.0	0.0	258.0	658.8748	2340.0	0.0	820000.0	943.3423	971.5827	2901.5405	-53.312416	-952.7914	121.82168	8632.4831366539
83	-249.45761	149.03712	5.527719e-06	-440.99963	-283.9428	187.3342	47.29021	-564.4128	1000.0	1000.0	0.0	0.0	0.0	0.0	235.5	474.43097	1860.0	0.0	830000.0	981.86774	1009.0812	2861.886	-50.176342	-996.0858	153.28876	8737.875503778458
84	-277.90204	176.05756	80.40777	-591.64453	-330.5362	187.22675	-61.972385	-643.80365	1000.0	1000.0	497.0	995.1085	2590.0	0.0	940.0	1845.9578	7060.0	0.0	840000.0	1059.4739	1089.47	3015.877	-50.320198	-1067.8376	185.32974	8842.643656015396
85	-370.306	159.26724	-160.02298	-690.48755	-261.44928	132.80229	-3.5640316	-498.3205	1000.0	1000.0	352.0	727.4861	2170.0	0.0	374.0	1141.8292	4410.0	0.0	850000.0	955.4183	981.3269	2954.8755	-55.18463	-965.7974	201.62796	8946.972357749939
86	-244.05875	185.61613	-79.52226	-576.2546	-323.27045	157.98326	-79.98702	-580.4007	1000.0	1000.0	1546.0	2138.0327	6270.0	0.0	758.5	1334.486	4540.0	0.0	860000.0	1034.6243	1038.0892	2864.0132	-45.412918	-1046.5966	140.6551	9051.787404298782
87	-317.63187	268.4108	90.54826	-718.4649	-383.7103	157.1608	0.47537118	-592.6127	1000.0	1000.0	1704.0	2256.507	7100.0	0.0	113.0	295.1796	1070.0	0.0	870000.0	908.8045	914.6459	2824.0618	-35.11218	-907.9561	114.12228	9156.323681116104
88	-388.48163	263.3861	0.7377745	-844.8206	-317.56354	174.27968	-23.772816	-669.3034	1000.0	1000.0	321.0	601.5056	1750.0	0.0	1346.0	1997.532	7040.0	0.0	880000.0	721.6044	755.5232	2647.5942	-36.982746	-728.4788	133.4499	9261.399420261383
89	-228.03508	198.80466	47.28503	-527.0533	-340.28085	193.99187	22.605375	-620.4365	1000.0	1000.0	0.0	0.0	0.0	0.0	1189.0	2067.3408	5850.0	0.0	890000.0	886.655	913.82806	2919.4468	-40.347546	-906.71	154.37885	9366.396543741226
90	-435.64487	75.84572	-325.52258	-525.4567	-339.6793	299.16562	-0.38994193	-935.12256	1000.0	1000.0	399.0	841.195	2590.0	0.0	183.0	542.3661	1810.0	0.0	900000.0	1080.1083	1093.0596	3406.8313	-77.968704	-1095.9956	183.59233	9471.126925468445
91	-306.90625	148.14432	-133.7	-485.1677	-381.24188	198.14754	-68.537155	-667.3254	1000.0	1000.0	89.0	196.28806	630.0	0.0	238.0	675.14886	2710.0	0.0	910000.0	1094.2839	1118.9656	3547.855	-125.60512	-1102.3398	243.154	9576.681507110596
92	-301.05585	125.432106	-7.291944	-497.7521	-366.8483	201.62233	-0.00047735017	-727.0973	1000.0	1000.0	1235.0	1484.2927	4160.0	0.0	359.0	811.461	3250.0	0.0	920000.0	1020.79486	1029.8175	3714.571	-123.00725	-1030.461	260.90643	9682.031861305237
93	-264.84808	109.93201	-95.86373	-438.2331	-334.7904	236.55511	0.6926497	-697.21295	1000.0	1000.0	1536.0	3071.5312	8200.0	0.0	503.5	1518.589	5530.0	0.0	930000.0	1006.63116	1015.0369	3387.709	-96.58472	-1013.6796	248.49123	9786.950410366058
94	-360.6992	152.25183	-159.96216	-679.32587	-302.47003	178.94164	1.2129822	-612.42737	1000.0	1000.0	487.0	749.56055	1820.0	0.0	587.0	936.1362	3320.0	0.0	940000.0	863.98444	875.3938	3120.7869	-97.75195	-869.617	251.9373	9891.439466953278
95	-407.03876	190.61575	-82.73317	-607.91296	-435.37946	428.29443	-0.8991447	-1901.7638	1000.0	1000.0	158.0	369.9135	1220.0	0.0	1749.5	2780.2761	8740.0	0.0	950000.0	841.0632	843.9784	3117.273	-96.02198	-848.5771	179.13281	9997.493885278702
96	-428.75586	207.20192	-4.2236485	-691.9	-268.14938	174.43239	0.123283245	-600.4674	1000.0	1000.0	1165.0	1925.9814	6170.0	0.0	1104.5	1863.2645	6340.0	0.0	960000.0	795.49493	785.0375	3496.645	-105.21224	-802.6075	187.88252	10102.639236211777
97	-394.7874	216.86084	23.40181	-649.4802	-447.04077	273.34708	23.490328	-1309.6237	1000.0	1000.0	833.0	1279.7426	4010.0	0.0	855.0	1667.7365	6210.0	0.0	970000.0	788.9161	757.2134	2925.4443	-83.13277	-797.0365	189.28023	10208.828526258469
98	-440.58853	198.40797	-77.336266	-658.0849	-304.15683	169.5338	2.3267877	-635.64404	1000.0	1000.0	437.0	1148.1816	3850.0	0.0	135.0	588.45135	2700.0	0.0	980000.0	732.28796	687.1231	2715.9172	-75.36933	-737.7395	142.10359	10314.170194387436
99	-264.39984	134.1755	0.45277646	-514.73944	-231.62534	189.74713	0.04296488	-554.6036	1000.0	1000.0	1347.0	1721.7146	4300.0	0.0	288.0	587.8316	1970.0	0.0	990000.0	695.31964	617.877	2047.6407	-72.69897	-700.6271	102.99785	10419.659150838852
100	-382.18286	171.6213	-152.6973	-648.5743	-315.19843	127.94652	-57.807858	-516.20306	1000.0	1000.0	836.0	1175.3995	3180.0	0.0	1114.5	1845.0162	5830.0	0.0	1000000.0	702.8858	580.59424	2053.117	-45.61428	-711.6879	130.16676	10525.199034929276
