Epoch	AverageEpRet	StdEpRet	MaxEpRet	MinEpRet	AverageEpCost	StdEpCost	MaxEpCost	MinEpCost	EpLen	CumulativeCost	CostRate	AverageVVals	StdVVals	MaxVVals	MinVVals	AverageCostVVals	StdCostVVals	MaxCostVVals	MinCostVVals	LossPi	DeltaLossPi	SurrCost	DeltaSurrCost	LossV	DeltaLossV	LossVC	DeltaLossVC	Penalty	DeltaPenalty	Alpha	BacktrackIters	Entropy	KL	TotalEnvInteracts	Time
0	-287.54202	108.69923	-77.276054	-495.11456	1646.5	2023.3716	5530.0	0.0	1000.0	32930.0	1.6465	0.69929886	0.4511447	2.0111656	-1.3606917	-0.4061814	0.2404047	0.82843405	-1.347798	7.019043e-08	-0.013147152	-1.5625e-06	-0.34021407	858.4564	-710.59595	82109.555	-10503.484	0	0	1.5265032	0.0	1.837877	0.008932898	20000.0	198.21282529830933
1	-326.53403	72.250275	-197.4626	-527.0488	1096.0	1477.039	4410.0	0.0	1000.0	54850.0	1.37125	-25.94339	1.536816	11.662652	-26.441528	39.639477	1.1875669	39.795006	-8.618285	1.8310548e-08	-0.014235614	3.90625e-07	-0.09476894	99.385735	-38.59435	38566.277	-1662.125	0	0	1.390119	0.0	1.8565333	0.008643764	40000.0	394.4579701423645
2	-298.03412	118.72156	-78.95585	-589.60175	1603.5	2128.5684	5910.0	0.0	1000.0	86920.0	1.4486666666666668	-31.966347	0.9163515	1.4046667	-32.20564	53.313736	1.1263763	53.4208	3.8236089	-2.4414062e-08	-0.013390076	-2.34375e-06	-0.01818711	137.57538	-5.227356	73472.32	-3359.9453	0	0	1.4822794	0.0	1.8688592	0.009101352	60000.0	590.3789179325104
3	-298.82172	114.16306	-63.418335	-478.98517	1618.0	2177.2517	6970.0	0.0	1000.0	119280.0	1.491	-29.937094	0.8264327	-1.4910544	-30.121868	72.62245	0.92442507	72.69664	17.169487	-3.3569336e-08	-0.012716886	-4.296875e-06	-0.21308233	122.61752	-0.92074585	71618.195	-2548.625	0	0	1.5802901	0.0	1.8772461	0.009156664	80000.0	786.9513967037201
4	-319.35626	108.54799	-134.21843	-566.3044	936.0	1733.6014	5620.0	0.0	1000.0	138000.0	1.38	-29.82086	0.7497297	10.403229	-29.9669	90.156265	1.2466385	90.21834	-4.262007	3.051758e-08	-0.011933429	-3.90625e-07	-0.11302891	114.94024	-3.668579	42049.227	-3.2695312	0	0	1.6434156	0.0	1.8729444	0.008697286	100000.0	983.4412477016449
5	-339.46585	126.40991	-122.02441	-554.70966	823.0	1335.0883	4400.0	0.0	1000.0	154460.0	1.2871666666666666	-31.657125	0.46327776	-13.388911	-31.76924	91.79717	1.1880485	91.867004	1.3724325	-1.7166137e-08	-0.011754985	-1.7578125e-06	-0.006303711	156.57613	-4.6769104	28951.871	-17.048828	0	0	1.673112	0.0	1.8842839	0.0088708615	120000.0	1179.1214418411255
6	-291.35913	117.40753	-61.15651	-453.18655	989.5	1808.708	7010.0	0.0	1000.0	174250.0	1.2446428571428572	-33.719673	0.89209217	8.795995	-33.880703	90.43506	1.6391274	90.54904	4.764004	-1.2207031e-08	-0.014112542	1.171875e-06	-0.30789334	146.27063	-18.557304	50014.44	-55.078125	0	0	1.3881228	0.0	1.8678656	0.008976453	140000.0	1374.9393072128296
7	-259.6332	97.02772	-66.561165	-445.95212	1079.0	1705.1887	5010.0	0.0	1000.0	195830.0	1.2239375	-29.416441	0.59443116	3.8043604	-29.538078	92.128174	4.6183934	92.48647	-86.53557	2.746582e-08	-0.012353088	2.734375e-06	-0.17695509	102.713974	-10.121048	58077.574	-612.8008	0	0	1.640802	0.0	1.8680359	0.009179257	160000.0	1570.8263154029846
8	-295.2845	118.04918	-59.591793	-488.77872	321.0	1005.1811	4290.0	0.0	1000.0	202250.0	1.1236111111111111	-26.224625	0.5313022	10.818612	-26.33967	87.643394	15.6870985	97.618256	-79.92218	-7.93457e-08	-0.01321886	7.8125e-07	-0.14951992	137.0869	-8.68222	13077.745	-3068.4805	0	0	1.5072978	0.0	1.854822	0.009238437	180000.0	1766.9419031143188
9	-300.88388	110.42401	-129.73253	-552.40546	979.0	1411.8494	4150.0	0.0	1000.0	221830.0	1.10915	-29.162212	0.46054265	0.51530474	-29.244612	32.841354	20.684309	81.84466	-57.174473	6.103516e-08	-0.012002625	-1.171875e-06	0.057430275	116.20265	-1.4942932	36020.062	-4156.7344	0	0	1.6293417	0.0	1.8791932	0.008727101	200000.0	1963.7606303691864
10	-256.26205	111.67803	-38.582157	-423.83585	318.5	952.8708	4220.0	0.0	1000.0	228200.0	1.0372727272727273	-30.11829	0.64932114	5.494859	-30.259216	78.27815	1.3193716	83.501755	-35.4968	6.1035155e-09	-0.012582282	0.0	0.03325879	133.91098	-16.799255	13970.122	-1182.1748	0	0	1.6000731	0.0	1.869265	0.009346103	220000.0	2161.1070601940155
11	-248.17444	126.86911	-75.77775	-493.01373	475.5	1322.0948	5660.0	0.0	1000.0	237710.0	0.9904583333333333	-26.025642	0.6888216	-2.8687277	-26.20663	60.964	3.6124854	71.82933	-54.53895	-4.8828124e-08	-0.012899555	0.0	-0.0097375	150.19455	-4.5659943	20828.322	-146.33594	0	0	1.5955263	0.0	1.9023697	0.008998491	240000.0	2357.8728926181793
12	-268.0222	91.33727	-107.518425	-468.99902	912.0	1537.8479	4630.0	0.0	1000.0	255950.0	0.984423076923077	-24.990112	1.7574475	17.290407	-26.136858	53.686157	5.65797	63.20791	-53.944397	-2.4414062e-08	-0.013152588	-8.7890623e-07	0.03522334	86.81365	-6.183853	37905.332	-1007.60156	0	0	1.523766	0.0	1.9021345	0.0092107495	260000.0	2555.0254328250885
13	-244.48479	80.18946	-106.93846	-370.9519	1083.5	1431.3849	4920.0	0.0	1000.0	277620.0	0.9915	-26.49253	0.66878283	6.635871	-26.899572	72.69005	4.322857	81.74158	-62.8318	1.2207031e-08	-0.012861273	0.0	-0.03458633	67.95819	-5.4457893	40271.336	-900.1406	0	0	1.5419616	0.0	1.9069117	0.008657169	280000.0	2751.3567237854004
14	-214.54512	75.09935	-86.76827	-385.0642	449.5	1062.5087	4820.0	0.0	1000.0	286610.0	0.9553666666666667	-24.693571	1.2055616	-7.9569244	-26.0215	89.13437	1.4697174	98.42167	4.0905285	-1.2207031e-08	-0.011812234	1.171875e-06	0.07190782	63.30366	-12.673687	17748.898	-829.41016	0	0	1.658899	0.0	1.8931313	0.008873032	300000.0	2946.2274010181427
15	-298.7163	135.26233	-78.01641	-503.96393	245.0	865.04626	3920.0	0.0	1000.0	291510.0	0.91096875	-21.55139	2.0535269	-11.602791	-24.75571	75.23933	2.0675743	86.60525	-24.6706	-4.5776368e-08	-0.011969284	1.171875e-06	-0.051867384	221.77072	-54.1568	9793.502	-2070.1577	0	0	1.704112	0.0	1.887009	0.009082696	320000.0	3142.5410163402557
16	-265.86987	115.686424	-77.26754	-513.56934	550.5	1492.4928	5500.0	0.0	1000.0	302520.0	0.8897647058823529	-28.912941	1.1963849	9.869488	-29.254688	39.619617	9.85028	51.474792	-42.00486	-2.1362304e-08	-0.011692243	-2.1484375e-06	0.03134043	128.77536	-9.244835	28533.174	-416.18164	0	0	1.6880006	0.0	1.8976698	0.008980904	340000.0	3337.9751255512238
17	-298.3416	128.55206	-88.02333	-581.5343	1056.0	1731.5236	5380.0	0.0	1000.0	323640.0	0.899	-26.808676	2.0016317	-0.97633487	-28.363094	50.296383	2.5219371	59.579494	-44.773003	0.0	-0.012131427	2.34375e-06	-0.0069371094	158.8042	-18.452682	42680.707	-2126.5195	0	0	1.6182097	0.0	1.9445871	0.00878962	360000.0	3533.5290932655334
18	-239.9979	86.445145	-91.6208	-387.30582	461.0	1142.838	4050.0	0.0	1000.0	332860.0	0.8759473684210526	-29.215187	3.4554737	7.8292103	-33.334347	74.01969	8.448308	88.42451	-67.084595	-2.4414062e-08	-0.012304602	1.953125e-07	-0.010816406	101.439064	-30.796555	18543.965	-1552.2441	0	0	1.5854403	0.0	1.9210408	0.008773304	380000.0	3729.496909379959
19	-308.90308	127.38435	-89.72111	-617.13196	735.5	1546.5752	6760.0	0.0	1000.0	347570.0	0.868925	-24.638605	1.4846005	-6.8877306	-28.566523	46.11849	19.978905	96.469055	-51.14209	2.4414062e-08	-0.013290723	-1.5625e-06	0.044674218	177.79958	-43.951782	39809.645	-1789.9844	0	0	1.4916906	0.0	1.9039723	0.009031097	400000.0	3925.186343193054
20	-327.33163	162.98119	-89.17588	-628.9568	899.5	1443.3069	4600.0	0.0	1000.0	365560.0	0.8703809523809524	-30.136562	3.083496	14.779468	-34.1074	63.597977	23.575607	102.443436	-66.6987	-1.8310548e-08	-0.0124546075	0.0	-0.08782012	251.0203	-48.98149	33247.266	-1368.9688	0	0	1.6011558	0.0	1.9089804	0.008995716	420000.0	4120.778766155243
21	-320.98688	86.41574	-148.7456	-536.15924	529.0	1250.4755	4110.0	0.0	1000.0	376140.0	0.8548636363636364	-32.934658	4.5470233	-9.176923	-40.119347	76.36048	21.107115	107.07023	-77.01041	-6.1035155e-09	-0.012511132	7.8125e-07	-0.0040308596	108.821465	-21.95214	23706.855	-1592.9121	0	0	1.6328765	0.0	1.9072368	0.008890062	440000.0	4316.10449051857
22	-271.62042	90.36898	-102.92671	-502.47778	438.0	908.9257	2760.0	0.0	1000.0	384900.0	0.8367391304347827	-31.308422	3.8146129	-9.605729	-39.340485	55.313683	14.904214	104.554955	-42.51279	1.2207031e-08	-0.01319079	-1.171875e-06	-0.04176484	97.65658	-31.75898	14931.6	-833.7881	0	0	1.4761032	0.0	1.8950047	0.008518552	460000.0	4511.795403718948
23	-274.5866	105.94562	-46.85978	-464.39914	1273.0	1841.5566	5000.0	0.0	1000.0	410360.0	0.8549166666666667	-27.61319	3.2776222	-7.4317684	-38.52043	42.162586	12.719342	90.48758	-28.801306	0.0	-0.012583823	3.90625e-07	-0.07145019	94.23875	-25.825867	62158.074	-8452.801	0	0	1.6389952	0.0	1.8738767	0.00938647	480000.0	4707.996870994568
24	-270.30365	101.25486	-52.341763	-435.367	719.0	1368.9991	4210.0	0.0	1000.0	424740.0	0.84948	-27.114506	5.0646324	2.9677277	-40.024063	95.23039	30.182714	127.76604	-27.53881	0.0	-0.012783813	0.0	-0.08699414	89.63245	-30.154491	26419.246	-2955.0625	0	0	1.5488311	0.0	1.882194	0.009131241	500000.0	4904.2055060863495
25	-262.04562	104.35786	-120.81385	-491.78876	1071.0	2068.4968	7860.0	0.0	1000.0	446160.0	0.858	-25.754404	5.8750877	-1.280116	-40.06116	66.4492	28.679611	129.1251	-36.984734	2.1362304e-08	-0.014765125	-1.3671875e-06	-0.11936288	107.207275	-37.677002	53635.22	-4138.7383	0	0	1.2996575	0.0	1.8782905	0.008808838	520000.0	5100.253972768784
26	-253.98392	137.12244	-48.98649	-510.8932	1442.5	1783.2606	5260.0	0.0	1000.0	475010.0	0.8796481481481482	-26.114813	5.215601	-6.8251696	-41.596176	85.9996	35.475746	140.84262	-92.348236	-6.1035155e-09	-0.013038937	-7.8125e-07	-0.13266484	134.6643	-48.335213	49943.336	-3961.2422	0	0	1.5339175	0.0	1.8559008	0.009732211	540000.0	5295.808659791946
27	-271.1848	121.64686	-116.974304	-477.82587	103.0	365.6925	1660.0	0.0	1000.0	477070.0	0.8519107142857143	-25.354446	8.02759	1.1042577	-46.36291	121.84871	37.889145	156.8203	-3.310477	2.1362304e-08	-0.013378903	-2.0996094e-06	-0.04408833	132.29095	-50.82003	13988.92	-11401.347	0	0	1.509503	0.0	1.8631358	0.009457904	560000.0	5491.46112036705
28	-259.12485	129.59267	-46.993378	-585.1042	798.0	1566.0543	4920.0	0.0	1000.0	493030.0	0.8500517241379311	-26.511312	7.190683	-2.612174	-50.84917	22.241571	10.284723	150.09067	-51.627693	8.010864e-09	-0.012218781	3.90625e-06	-0.007461133	120.7009	-44.277176	38315.52	-2893.1953	0	0	1.6450909	0.0	1.8469956	0.009545279	580000.0	5686.997336149216
29	-272.39627	107.64668	-57.58563	-422.7547	656.0	1478.6561	6410.0	0.0	1000.0	506150.0	0.8435833333333334	-26.599588	8.012324	-2.8847225	-49.28007	58.841976	9.864585	143.54155	-37.618847	3.0517577e-09	-0.01166867	2.34375e-06	-0.12939882	97.388664	-42.994915	30686.377	-758.7285	0	0	1.6929125	0.0	1.8773347	0.009039671	600000.0	5883.153307914734
30	-280.9335	120.88187	-59.981903	-481.1296	673.5	1080.876	3420.0	0.0	1000.0	519620.0	0.8380967741935483	-26.960615	7.397852	9.859408	-50.548325	60.9982	14.692529	153.4521	-60.14289	-1.2207031e-08	-0.01310712	5.859375e-07	-0.054159764	122.07617	-52.20884	25790.07	-960.0176	0	0	1.5295922	0.0	1.8653646	0.008915864	620000.0	6079.377681732178
31	-287.2101	95.601006	-111.55524	-428.0006	1290.0	2193.9688	7020.0	0.0	1000.0	545420.0	0.85221875	-27.952343	7.145601	-3.7692053	-47.71744	69.536064	21.881882	148.96855	-28.065504	-1.8310548e-08	-0.012531778	2.34375e-06	-0.108763285	84.92016	-30.442223	81695.734	-3690.9062	0	0	1.6048356	0.0	1.8915473	0.008980003	640000.0	6275.09223151207
32	-263.58405	134.21877	-7.958156	-472.9338	708.0	1271.6627	4700.0	0.0	1000.0	559580.0	0.8478484848484849	-28.469826	6.0549283	-4.733841	-47.01913	108.7489	19.633064	159.5774	21.28686	-3.0517577e-09	-0.010724414	-1.953125e-07	-0.1712418	148.13757	-56.863014	27485.367	-2184.746	0	0	1.8555613	0.0	1.9154797	0.008771806	660000.0	6471.112570762634
33	-247.61655	104.98154	-61.26979	-388.32578	1261.0	1583.7767	5200.0	0.0	1000.0	584800.0	0.86	-25.752453	8.828489	0.7417995	-48.627476	68.38346	16.92111	144.66005	-28.628626	4.577637e-09	-0.0140237855	1.953125e-07	0.021139648	94.37169	-41.712696	47267.32	-3258.1094	0	0	1.4451855	0.0	1.9142964	0.009497835	680000.0	6667.2646515369415
34	-236.67148	97.199684	-51.77016	-428.63528	953.0	1187.6746	4250.0	0.0	1000.0	603860.0	0.8626571428571429	-24.841482	6.9327364	9.952561	-45.657093	111.223785	14.934034	164.47774	10.212718	0.0	-0.013311902	1.0742187e-06	-0.07849287	70.139084	-36.10603	29916.5	-864.5762	0	0	1.513758	0.0	1.9208727	0.009041918	700000.0	6863.135145187378
35	-287.8458	115.91583	-85.220825	-455.356	1435.5	2231.8188	8830.0	0.0	1000.0	632570.0	0.8785694444444444	-24.309332	8.048574	0.3533269	-50.418728	97.15055	19.473158	150.65352	-109.64589	-1.5258789e-09	-0.012441313	0.0	-0.3082127	115.5102	-54.360825	76795.19	-4289.078	0	0	1.6044637	0.0	1.9237324	0.008875992	720000.0	7059.885360956192
36	-222.67166	95.52598	-87.64401	-414.23877	1318.0	2355.4863	7030.0	0.0	1000.0	658930.0	0.890445945945946	-25.60085	8.643437	-1.9704398	-47.269066	121.88183	37.938145	182.77979	-38.30154	-9.155274e-09	-0.012125529	-4.6875e-06	0.000253125	112.97852	-59.637512	66053.31	-4171.5977	0	0	1.6628803	0.0	1.9512523	0.008846197	740000.0	7255.684715509415
37	-257.83484	97.973434	-63.846992	-405.96933	1107.5	1359.6576	4030.0	0.0	1000.0	681080.0	0.8961578947368422	-23.880466	5.5425982	-0.39459246	-43.95536	117.0681	49.11625	192.24266	-85.66351	-2.1362304e-08	-0.012439303	3.90625e-07	0.121862896	79.78704	-33.675304	43314.664	-4034.5156	0	0	1.5924523	0.0	1.962876	0.009046158	760000.0	7452.0781445503235
38	-242.03537	114.07618	-74.905815	-463.26147	607.5	917.6866	2570.0	0.0	1000.0	693230.0	0.8887564102564103	-24.65017	7.032132	-0.9657025	-47.456127	110.80695	37.837242	189.16597	-70.448784	2.2888185e-09	-0.0119928075	4.882813e-07	-0.029636718	95.9079	-31.523285	21918.178	-3872.9844	0	0	1.6572351	0.0	1.960537	0.009233585	780000.0	7649.185089588165
39	-292.52267	105.44252	-100.36697	-508.97723	1060.5	1674.8297	4900.0	0.0	1000.0	714440.0	0.89305	-25.809769	6.6049314	-4.6411896	-45.746277	66.83153	33.79417	183.39006	-17.00602	-6.1035155e-09	-0.012628298	-2.34375e-06	0.010158204	95.45492	-40.781525	44532.48	-4297.4336	0	0	1.6089696	0.0	1.9667718	0.009261779	800000.0	7845.57625246048
40	-283.34348	94.80647	-123.26925	-528.09076	856.0	1444.5325	4810.0	0.0	1000.0	731560.0	0.8921463414634146	-29.361181	6.0142016	-10.863542	-48.894417	101.05127	36.537464	186.0712	-6.1853	3.051758e-08	-0.0131356325	1.3671875e-06	-0.13339981	96.70059	-29.495316	32209.268	-3005.5684	0	0	1.567654	0.0	1.9578826	0.0089467075	820000.0	8042.7166357040405
41	-250.6165	102.54586	-70.96712	-480.92294	254.5	625.5835	2800.0	0.0	1000.0	736650.0	0.8769642857142858	-26.7004	7.016997	0.29784364	-50.29058	81.36944	35.8153	193.50996	-62.71473	1.2207031e-08	-0.012664636	7.8125e-07	0.04853691	92.38623	-32.33325	11144.9	-3859.7227	0	0	1.5767572	0.0	1.9298694	0.008922695	840000.0	8238.346120595932
42	-223.41788	84.714195	-89.75656	-378.77832	935.5	1807.0569	4850.0	0.0	1000.0	755360.0	0.8783255813953489	-24.629131	6.346421	-4.754303	-48.496162	31.637537	16.672625	156.64056	-28.864738	6.1035155e-09	-0.012250116	1.5625e-06	0.12721914	65.90705	-28.330273	56263.54	-8251.4375	0	0	1.6687257	0.0	1.932724	0.009277291	860000.0	8433.249251842499
43	-274.09833	86.503784	-104.11517	-450.0369	1080.0	1261.622	3950.0	0.0	1000.0	776960.0	0.8829090909090909	-24.084734	5.351096	-5.243845	-48.97116	96.72697	48.83574	204.17169	-19.823898	-3.0517577e-09	-0.013445103	1.171875e-06	-0.32572323	112.41743	-48.487896	34112.574	-3933.0664	0	0	1.5090674	0.0	1.9819009	0.00903475	880000.0	8629.108288049698
44	-254.11673	139.33902	-48.86232	-622.69196	1372.5	1837.8136	6150.0	0.0	1000.0	804410.0	0.8937888888888889	-26.212263	8.225835	6.080088	-49.46017	104.05431	37.73279	204.14742	-10.504116	1.525879e-08	-0.013013171	3.125e-06	-0.03438594	140.53558	-55.914307	62793.496	-7745.574	0	0	1.5939496	0.0	1.9816594	0.009436182	900000.0	8824.830344676971
45	-265.0864	114.53835	-121.2708	-485.77402	821.5	1240.2914	3950.0	0.0	1000.0	820840.0	0.8922173913043479	-25.261383	8.517213	-0.32246923	-49.031166	125.93521	49.24284	223.42268	-30.035828	6.1035155e-09	-0.012474787	-4.882813e-07	-0.13536815	118.639824	-55.387005	27444.36	-4237.3906	0	0	1.5934657	0.0	1.9702517	0.00901229	920000.0	9022.070544242859
46	-257.9002	118.73433	-70.17287	-505.3354	787.0	1214.389	4320.0	0.0	1000.0	836580.0	0.8899787234042553	-25.089462	7.602698	1.2631346	-52.95082	85.5211	27.297863	224.35156	19.460457	-9.155274e-09	-0.011690121	-7.8125e-07	0.00924961	132.20958	-55.738876	29429.377	-2383.7168	0	0	1.6591059	0.0	1.9688131	0.009072516	940000.0	9218.757575511932
47	-181.02524	101.587776	-26.213474	-409.4827	1023.0	1458.6127	3890.0	0.0	1000.0	857040.0	0.89275	-23.341415	8.4890375	4.934705	-54.7523	84.44153	28.821793	217.88017	-55.229916	1.8310548e-08	-0.013141602	7.8125e-07	-0.029968359	131.4749	-69.67862	38588.12	-3892.7148	0	0	1.5056714	0.0	1.9575703	0.008985387	960000.0	9415.105164766312
48	-244.79634	90.00721	-125.30465	-427.95615	1220.5	1637.1971	5030.0	0.0	1000.0	881450.0	0.8994387755102041	-20.400629	7.987613	7.63218	-47.32152	97.49058	38.719467	223.03723	-13.237278	-3.051758e-08	-0.012801089	0.0	0.075867966	82.67904	-43.13464	40968.63	-4903.957	0	0	1.5690004	0.0	1.949664	0.008921691	980000.0	9611.381091356277
49	-204.46365	81.02895	-63.73182	-375.75522	1541.0	1767.8967	6040.0	0.0	1000.0	912270.0	0.91227	-21.908585	6.8232703	-0.1510971	-45.59095	120.45197	37.302986	235.63367	-12.651645	7.6293943e-10	-0.012895765	1.953125e-07	0.05688301	68.30159	-30.598522	49128.805	-7114.0273	0	0	1.5289621	0.0	1.9730101	0.009092527	1000000.0	9807.989661931992
50	-246.54285	145.30591	20.06698	-496.3546	1110.5	1553.6584	5770.0	0.0	1000.0	934480.0	0.916156862745098	-21.500069	6.7346168	3.1239457	-52.27343	144.34549	50.234215	246.20071	20.458471	1.2207031e-08	-0.011349377	1.5625e-06	-0.16089053	206.60146	-91.71704	45124.47	-7773.508	0	0	1.7670966	0.0	1.955278	0.009026361	1020000.0	10004.642845392227
51	-232.41927	69.979744	-93.18945	-312.26578	1183.0	1583.7869	5510.0	0.0	1000.0	958140.0	0.9212884615384616	-24.145403	8.365283	8.289669	-52.530876	117.63702	48.623043	253.26924	-23.004848	4.577637e-09	-0.013471852	1.5625e-06	0.03828516	72.58719	-37.02434	44947.11	-7739.0	0	0	1.473638	0.0	1.9543525	0.008833808	1040000.0	10200.01863193512
52	-258.0392	187.9498	-25.002659	-826.5082	1052.0	960.0864	3150.0	0.0	1000.0	979180.0	0.9237547169811321	-23.326971	6.9038386	0.8603298	-50.642002	114.20606	57.316593	261.04062	-93.81116	0.0	-0.02222998	-2.9296876e-07	-0.08818296	312.32504	-177.88809	32328.387	-6072.9336	0	0	1.369981	0.0	1.9353133	0.009118324	1060000.0	10396.028580188751
53	-198.18478	147.12222	24.729836	-607.89124	568.5	884.4222	2920.0	0.0	1000.0	990550.0	0.9171759259259259	-21.353987	15.304176	31.305712	-76.39409	104.5267	50.152985	266.0591	-7.9035006	-3.0517577e-09	-0.013858664	2.9296876e-07	-0.15201329	274.9987	-158.62753	17935.39	-5465.215	0	0	1.510835	0.0	1.9493792	0.009308528	1080000.0	10592.804762125015
54	-235.08926	133.42728	2.1691425	-499.68106	1150.5	1416.222	4670.0	0.0	1000.0	1013560.0	0.9214181818181818	-20.390425	11.658353	20.419373	-69.49084	60.2176	25.798355	253.75616	4.6262317	1.6784668e-08	-0.013624751	-3.90625e-07	-0.01665332	200.53085	-108.373764	40757.145	-5958.922	0	0	1.4826295	0.0	1.9534941	0.009046953	1100000.0	10788.343262434006
55	-194.67699	138.35297	3.4092488	-474.87866	613.5	1017.852	3480.0	0.0	1000.0	1025830.0	0.9159196428571429	-20.114416	11.126273	33.66055	-59.696186	101.250084	42.560326	263.64508	-25.24024	4.577637e-09	-0.011479967	1.171875e-06	-0.07594766	240.70375	-118.01323	18148.865	-2573.9297	0	0	1.7461547	0.0	1.9475667	0.009072115	1120000.0	10985.608008146286
56	-155.16689	124.8304	63.921696	-499.1967	1064.0	1403.465	5940.0	0.0	1000.0	1047110.0	0.9185175438596491	-18.265068	10.604761	32.57205	-51.547424	73.369865	37.623978	249.39684	6.682135	-6.1035155e-09	-0.012222699	-7.8125e-07	-0.02565664	171.35971	-92.15294	39823.055	-4532.2305	0	0	1.5948662	0.0	1.9231734	0.009280085	1140000.0	11182.368785142899
57	-221.61731	149.75671	-14.490085	-533.5433	1076.0	1891.4767	8790.0	0.0	1000.0	1068630.0	0.9212327586206897	-19.138979	9.442041	28.546412	-61.09661	104.45759	52.271885	276.02063	-44.520332	0.0	-0.012286948	-7.8125e-07	0.04341797	224.55894	-143.52942	45514.98	-7984.9453	0	0	1.6044137	0.0	1.92705	0.00913754	1160000.0	11379.172283887863
58	-175.73828	108.80484	-51.508827	-524.0046	1230.0	1526.2142	5940.0	0.0	1000.0	1093230.0	0.9264661016949153	-19.338758	10.858867	10.888436	-65.18164	107.64244	64.52244	291.33203	-64.98319	3.0517577e-09	-0.0124551905	2.9296875e-06	-0.3066486	143.12074	-84.238815	53522.414	-9658.6875	0	0	1.606494	0.0	1.9302598	0.0087904325	1180000.0	11575.54909157753
59	-203.66179	154.91635	-8.759593	-535.29846	1182.0	1422.3488	4660.0	0.0	1000.0	1116870.0	0.930725	-18.055256	10.944383	16.631166	-63.00724	118.98681	60.874226	304.3976	-1.9685181	6.1035155e-09	-0.012883042	1.171875e-06	0.05621797	257.7776	-140.28656	36443.75	-7156.6035	0	0	1.5670083	0.0	1.9230027	0.00927684	1200000.0	11772.36754822731
60	-252.65608	178.59177	34.40963	-751.78015	1172.0	1476.1321	4350.0	0.0	1000.0	1140310.0	0.9346803278688525	-20.143854	12.776822	29.359558	-63.55197	111.9785	58.58782	312.9578	-40.43979	6.1035155e-09	-0.013026373	3.90625e-07	-0.040053125	243.28583	-154.93619	37075.65	-6263.2734	0	0	1.5446228	0.0	1.9252586	0.009116558	1220000.0	11969.862892389297
61	-227.08932	121.09029	-31.28548	-496.25662	724.5	769.9251	2240.0	0.0	1000.0	1154800.0	0.9312903225806451	-21.77907	10.949059	23.636185	-81.39048	106.163635	55.917793	323.97214	-35.980827	1.525879e-08	-0.013204219	0.0	-0.057845507	238.59094	-125.290146	29778.287	-6324.7285	0	0	1.5162419	0.0	1.9173975	0.009069364	1240000.0	12166.057473421097
62	-132.51346	105.38889	40.999966	-423.94574	1499.5	1330.0319	4630.0	0.0	1000.0	1184790.0	0.9403095238095238	-17.90501	13.168088	41.219707	-61.83443	80.07036	49.766132	321.97046	-62.92429	-1.5258789e-09	-0.012104503	-3.90625e-07	0.061235156	276.55768	-143.68071	52469.887	-10857.105	0	0	1.6497747	0.0	1.9416342	0.009317615	1260000.0	12362.060195446014
63	-168.03464	173.07468	100.306465	-673.3633	680.5	995.7985	3170.0	0.0	1000.0	1198400.0	0.93625	-13.795795	11.190925	45.92734	-56.567204	133.87158	57.451393	337.29834	-77.80952	1.2207031e-08	-0.013581525	1.2695313e-06	0.036840502	357.79526	-236.43753	27562.367	-9405.734	0	0	1.5292559	0.0	1.9152112	0.0091262	1280000.0	12559.151547908783
64	-129.99164	111.16658	64.233025	-367.25552	798.0	1093.5428	3260.0	0.0	1000.0	1214360.0	0.934123076923077	-13.440799	12.3146	52.709023	-67.3946	58.775745	48.204777	329.90927	-90.479866	-3.0517577e-09	-0.012622967	7.8125e-07	0.077661715	236.8165	-131.89606	27199.322	-5505.7773	0	0	1.5762516	0.0	1.9225307	0.009059744	1300000.0	12756.252799272537
65	-197.23828	133.44777	29.348429	-547.3891	940.5	1222.6833	3880.0	0.0	1000.0	1233170.0	0.934219696969697	-14.976284	10.686567	29.188963	-54.39099	86.910866	63.00276	337.05444	-79.6189	-2.4414062e-08	-0.012805884	-3.90625e-07	0.073969916	221.93594	-127.42645	32758.451	-7762.5312	0	0	1.5425406	0.0	1.8993491	0.009050744	1320000.0	12955.238296985626
66	-174.80388	177.8444	37.73257	-510.91556	1031.5	1393.432	5140.0	0.0	1000.0	1253800.0	0.9356716417910448	-17.754128	14.968213	52.839954	-66.16428	102.299774	71.7129	347.5348	-52.318863	-1.2207031e-08	-0.015255576	-7.8125e-07	-0.042371873	343.9537	-171.83873	38699.5	-11108.869	0	0	1.409159	0.0	1.8998487	0.009540404	1340000.0	13152.648542165756
67	-109.248886	77.40634	13.741699	-300.13873	1286.0	1541.7762	4510.0	0.0	1000.0	1279520.0	0.9408235294117647	-12.489109	15.008542	69.46214	-63.859314	90.39074	56.28267	357.7425	-45.408142	-3.1471252e-09	-0.014125486	-2.5390625e-06	-0.09789433	219.62558	-126.47412	44690.375	-10153.234	0	0	1.4188658	0.0	1.9057907	0.009401292	1360000.0	13350.182808160782
68	-196.49422	163.96971	142.3559	-657.6133	1154.5	1470.6443	5170.0	0.0	1000.0	1302610.0	0.9439202898550725	-14.554869	13.476554	62.209908	-61.766304	127.77352	77.803566	372.31943	-31.751167	6.1035155e-09	-0.014835413	1.5625e-06	-0.023469532	341.95346	-212.34763	43816.2	-14144.859	0	0	1.324719	0.0	1.8841298	0.009088855	1380000.0	13548.03748178482
69	-99.60982	115.723526	120.89778	-403.65024	924.0	1312.1525	4830.0	0.0	1000.0	1321090.0	0.9436357142857142	-12.485271	12.742566	74.95216	-61.077705	82.33882	51.053875	392.10263	-68.03287	-2.2888185e-09	-0.012872161	-2.0019531e-06	-0.028995654	302.75525	-161.18044	32825.918	-6769.9023	0	0	1.6200266	0.0	1.8730981	0.0095068645	1400000.0	13745.526735544205
70	-88.72226	98.960205	50.75318	-338.73502	1036.5	1274.1714	4910.0	0.0	1000.0	1341820.0	0.944943661971831	-7.275739	14.851831	81.26947	-56.59518	95.51429	66.3844	399.13318	-50.421726	-4.577637e-09	-0.012949638	3.90625e-07	-0.066125385	239.09755	-128.6772	37498.797	-8594.287	0	0	1.5523771	0.0	1.8772326	0.008901352	1420000.0	13943.18466758728
71	-178.02933	194.87596	88.68507	-589.1345	1066.5	1445.1376	4290.0	0.0	1000.0	1363150.0	0.9466319444444444	-12.505249	15.393793	82.603874	-74.45225	104.257416	62.892532	406.23587	-70.69512	-1.0681152e-08	-0.013486288	-4.8828124e-08	-0.026345704	389.97324	-230.76166	39892.62	-9568.832	0	0	1.500937	0.0	1.8642063	0.009176431	1440000.0	14141.307589530945
72	-142.40878	154.93382	38.74372	-564.0079	1211.0	1318.3318	5480.0	0.0	1000.0	1387370.0	0.9502534246575343	-13.696561	17.959805	75.325836	-68.91306	110.99644	74.67896	412.2918	-70.45749	1.5258789e-09	-0.013389551	3.90625e-07	-0.0671457	350.2426	-207.11101	41225.59	-9051.945	0	0	1.4787064	0.0	1.8650602	0.009211319	1460000.0	14339.338238954544
73	-116.364685	180.44196	135.06183	-553.07635	840.5	832.5231	2410.0	0.0	1000.0	1404180.0	0.9487702702702703	-13.709647	18.715591	82.51711	-71.150314	114.234764	58.690327	396.09845	-86.01674	-6.1035155e-09	-0.013316409	7.8125e-07	-0.10245567	431.68185	-239.63454	22339.588	-6064.3154	0	0	1.5189177	0.0	1.8351113	0.009173285	1480000.0	14537.509327173233
74	-118.513405	184.46196	139.06601	-686.09924	1380.5	1340.2816	5600.0	0.0	1000.0	1431790.0	0.9545266666666666	-10.936539	22.522097	85.62094	-90.883095	88.04448	50.629185	398.36557	-129.62602	-1.2207031e-08	-0.013074881	1.171875e-06	-0.1090875	376.4839	-237.3031	38181.438	-10133.412	0	0	1.555676	0.0	1.8270369	0.009332446	1500000.0	14734.699120283127
75	-81.03979	176.45766	360.2241	-570.9219	1236.5	1572.8931	6030.0	0.0	1000.0	1456520.0	0.9582368421052632	-9.5791645	20.722208	90.10781	-81.99799	116.26735	63.72959	423.65085	-56.986893	1.5258789e-09	-0.0138059165	-7.8125e-07	-0.05688906	365.7284	-205.64699	50668.594	-10190.52	0	0	1.4437511	0.0	1.8182511	0.00931224	1520000.0	14932.805355787277
76	-50.49762	167.25774	270.5872	-345.22137	1127.5	1344.3656	4150.0	0.0	1000.0	1479070.0	0.9604350649350649	-6.3817015	23.628561	94.68562	-76.3886	127.237015	82.237915	436.93076	-87.051735	1.525879e-08	-0.014591344	-7.8125e-07	0.043944534	551.6126	-335.44635	50723.32	-13620.668	0	0	1.4040421	0.0	1.825278	0.00934249	1540000.0	15130.595887184143
77	-84.28175	169.2105	341.79254	-459.09274	1259.0	1729.2249	7510.0	0.0	1000.0	1504250.0	0.9642628205128205	-4.9321146	21.168646	84.57211	-75.705246	104.67742	70.623505	425.7529	-93.56186	-9.155274e-09	-0.013731587	1.171875e-06	-0.23199004	418.2184	-248.18323	69866.85	-16479.574	0	0	1.5058442	0.0	1.8013469	0.00924392	1560000.0	15327.814145326614
78	-118.53822	199.98991	278.9434	-643.90295	1391.5	1265.3745	4880.0	0.0	1000.0	1532080.0	0.9696708860759493	-9.169927	23.876255	100.8632	-73.37213	114.38009	70.268715	479.3627	-86.43662	0.0	-0.014098966	0.0	-0.26189804	562.7757	-362.31317	42559.438	-12652.25	0	0	1.4185504	0.0	1.8071624	0.009222624	1580000.0	15525.322822093964
79	-63.940563	231.12054	212.6578	-659.14453	1591.5	1427.2465	4740.0	50.0	1000.0	1563910.0	0.97744375	-5.3834443	31.681173	107.580315	-86.998184	130.9341	93.440926	480.15665	-88.705086	-6.866455e-09	-0.014117342	1.953125e-07	-0.057700388	678.314	-424.41165	45637.113	-16314.797	0	0	1.3864862	0.0	1.7961736	0.008948928	1600000.0	15723.247822999954
80	-118.5753	210.08997	176.19568	-632.7548	1718.0	1527.8665	4530.0	0.0	1000.0	1598270.0	0.9865864197530865	-7.930839	29.667662	107.789375	-91.48401	144.84572	101.81812	506.85104	-105.58971	-1.2207031e-08	-0.013997355	-7.8125e-07	-0.31311017	558.7117	-358.83038	48637.965	-15111.461	0	0	1.4354761	0.0	1.7889694	0.009343069	1620000.0	15922.45408320427
81	3.642638	174.71506	319.9084	-469.053	1035.0	1255.8641	5140.0	0.0	1000.0	1618970.0	0.9871768292682926	-0.8529951	24.467403	100.675606	-81.23682	149.11084	83.83588	512.2808	-149.59137	-6.1035155e-09	-0.013386317	5.859375e-07	-0.16991787	580.92645	-356.6942	45127.19	-14339.09	0	0	1.4887384	0.0	1.7790198	0.009221932	1640000.0	16119.825729370117
82	-42.570152	210.83633	373.29956	-643.1572	1272.5	892.5742	3430.0	0.0	1000.0	1644420.0	0.9906144578313253	-1.2981514	26.123302	106.88367	-80.87814	115.30118	84.906006	524.1673	-147.1395	9.155274e-09	-0.0135671785	-6.347656e-07	-0.18009044	687.5386	-431.4588	33427.15	-11571.514	0	0	1.4911493	0.0	1.7498944	0.009119086	1660000.0	16317.537030220032
83	-51.605835	233.94855	251.61496	-714.8741	1432.0	1676.4683	5930.0	0.0	1000.0	1673060.0	0.9958690476190476	-4.403506	28.595745	117.1192	-78.079216	122.4845	70.91795	506.4124	-198.38908	-9.155274e-09	-0.012359409	9.765625e-07	-0.18626973	671.71	-430.11313	64250.246	-26819.82	0	0	1.5738331	0.0	1.7508392	0.009381848	1680000.0	16515.150591611862
84	2.065522	220.13754	371.33234	-542.5762	1215.5	1225.4489	5460.0	0.0	1000.0	1697370.0	0.9984529411764705	1.4266382	29.153046	120.23142	-73.92347	119.17262	90.48072	551.1572	-168.94174	-9.155274e-09	-0.013906958	-7.8125e-07	0.018389061	650.67206	-408.97406	39835.95	-18059.414	0	0	1.4292508	0.0	1.7303741	0.0095689045	1700000.0	16713.38315987587
85	16.169472	195.54182	423.35086	-340.92572	820.0	832.26196	3340.0	0.0	1000.0	1713770.0	0.9963779069767442	6.3157463	30.791061	120.676796	-98.04386	98.96243	71.59309	545.2921	-131.41315	-6.1035155e-09	-0.01437749	1.7578125e-06	-0.14448349	657.311	-386.72568	23366.576	-6158.209	0	0	1.3682824	0.0	1.7406274	0.009428057	1720000.0	16911.97919535637
86	-70.33818	306.53738	430.19592	-733.2326	964.5	811.53845	2500.0	0.0	1000.0	1733060.0	0.9960114942528736	-5.314566	31.522713	112.28422	-85.99689	95.996864	67.766655	538.8034	-291.673	0.0	-0.014833001	0.0	-0.1802203	778.43915	-483.65353	16224.394	-5330.5693	0	0	1.3347343	0.0	1.7236187	0.008953671	1740000.0	17109.66809296608
87	-90.18575	288.60132	300.9251	-605.2657	1671.5	2121.116	7950.0	0.0	1000.0	1766490.0	1.0036875	-4.408199	33.96041	114.09156	-90.47942	85.673134	57.643387	470.11603	-195.94435	3.0517577e-09	-0.015070323	-3.125e-06	-0.18061875	693.62115	-434.89197	91261.336	-29529.266	0	0	1.3322239	0.0	1.7148482	0.00916921	1760000.0	17307.973031759262
88	21.757982	133.19806	301.41858	-224.46396	1475.0	1508.3848	4820.0	0.0	1000.0	1795990.0	1.0089831460674157	-0.1715457	30.06534	113.88994	-81.17703	138.85034	92.77795	580.5494	-140.21956	-1.0681152e-08	-0.014845816	7.8125e-07	-0.2402247	628.6929	-386.7222	49850.008	-14541.4375	0	0	1.3778269	0.0	1.7084386	0.009086061	1780000.0	17505.494200468063
89	-57.729015	345.12332	463.69598	-702.94763	1630.5	1815.4792	7720.0	0.0	1000.0	1828600.0	1.0158888888888888	-0.38350883	33.22023	125.54408	-87.88562	157.43982	109.6665	586.70905	-68.959	3.6621095e-08	-0.01399014	7.8125e-07	-0.2598445	671.47546	-453.31348	59352.574	-26590.092	0	0	1.425714	0.0	1.6991764	0.009060786	1800000.0	17703.759841918945
90	30.316671	194.76805	271.05508	-527.99744	1418.0	1182.0178	5230.0	60.0	1000.0	1856960.0	1.0203076923076924	2.8637984	36.320053	124.699524	-89.34115	140.33652	107.56989	617.9326	-180.48837	-7.6293943e-10	-0.014595452	1.3671875e-06	-0.34998244	770.4655	-498.44016	51126.676	-15970.4375	0	0	1.3450394	0.0	1.6738777	0.009196276	1820000.0	17903.408970594406
91	-120.74713	300.23965	384.74335	-577.73865	2049.0	1632.7764	6510.0	0.0	1000.0	1897940.0	1.0314891304347826	-4.8749485	30.371004	106.70301	-79.67896	153.77507	105.63073	634.7286	-69.90987	3.6621095e-08	-0.014040838	0.0	-0.33158046	772.4016	-526.59705	54025.09	-22992.424	0	0	1.435103	0.0	1.6586698	0.009126283	1840000.0	18101.457639694214
92	23.886852	206.30571	359.61743	-368.24625	1083.0	1317.5093	6100.0	0.0	1000.0	1919600.0	1.0320430107526881	4.667711	35.69021	124.113335	-93.989075	171.70015	111.51833	649.80023	-83.40677	3.0517577e-09	-0.013958996	1.953125e-07	-0.0320352	763.22	-488.33255	38116.25	-16025.262	0	0	1.4172752	0.0	1.658232	0.009319324	1860000.0	18299.49913907051
93	20.32626	254.30063	321.30005	-842.4979	1053.0	930.64	4040.0	0.0	1000.0	1940660.0	1.0322659574468085	2.3855245	32.94977	111.87586	-93.72445	126.69101	119.01951	636.91986	-51.505554	9.155274e-09	-0.01379769	-9.277344e-07	-0.21920083	684.4074	-441.6982	22574.74	-8023.1543	0	0	1.4414263	0.0	1.6674814	0.009123013	1880000.0	18496.91652226448
94	-35.048378	286.24274	437.0217	-553.4272	2133.0	1496.8469	5460.0	0.0	1000.0	1983320.0	1.0438526315789474	-0.32263497	33.237633	107.70009	-77.2353	117.95684	89.87048	615.92474	-109.11818	-9.155274e-09	-0.014911315	1.5625e-06	-0.23765157	689.1799	-448.9872	86539.35	-33299.59	0	0	1.3510247	0.0	1.6679893	0.009477971	1900000.0	18696.28837966919
95	-0.5496613	235.21588	250.54138	-521.56635	1337.0	1368.4117	5370.0	0.0	1000.0	2010060.0	1.04690625	3.9838152	33.731434	112.13623	-84.95846	185.59912	118.71577	676.2615	-139.99695	1.0681152e-08	-0.015008915	2.9296876e-07	0.0023288087	727.8669	-446.67453	37725.62	-16254.111	0	0	1.3728248	0.0	1.6610112	0.009332814	1920000.0	18896.739062786102
96	95.151566	216.49077	500.83542	-364.99734	901.5	1040.8135	3710.0	0.0	1000.0	2028090.0	1.0454072164948454	8.809678	34.76731	120.675674	-98.55031	127.8763	101.94032	662.60236	-55.96805	6.1035155e-09	-0.014106946	-1.953125e-06	-0.23439239	648.03503	-380.73172	28214.842	-7623.9062	0	0	1.3901235	0.0	1.6484492	0.009387654	1940000.0	19095.87200140953
97	36.99779	376.9169	530.18195	-800.13257	1848.5	1895.0653	6580.0	0.0	1000.0	2065060.0	1.0536020408163265	6.5929546	38.535538	124.76312	-98.182	104.92336	73.96929	585.56024	-41.207733	-1.2207031e-08	-0.014121237	-1.5625e-06	-0.26931524	806.01154	-524.744	74400.22	-37067.965	0	0	1.4121664	0.0	1.6368544	0.009337352	1960000.0	19296.402846574783
98	49.351257	272.67984	426.80505	-610.99744	1259.0	926.91907	3520.0	310.0	1000.0	2090240.0	1.0556767676767678	8.441065	40.269966	132.66492	-109.39529	159.95822	132.09209	701.0168	-158.09592	-9.059906e-09	-0.013772607	-9.521484e-07	-0.21692717	843.0178	-530.2687	32775.367	-11042.742	0	0	1.5327535	0.0	1.6182117	0.009436406	1980000.0	19496.07336950302
99	41.504566	288.71756	479.05124	-675.56323	1412.5	1146.8821	5150.0	0.0	1000.0	2118490.0	1.059245	6.950342	38.22828	128.7323	-87.76759	141.76723	95.95849	680.0879	-137.41388	1.2207031e-08	-0.013483781	-1.5625e-06	-0.031175781	735.80585	-452.2788	31221.61	-9031.756	0	0	1.4630975	0.0	1.6148658	0.0093470365	2000000.0	19695.417542934418
