Epoch	AverageEpRet	StdEpRet	MaxEpRet	MinEpRet	AverageEpCost	StdEpCost	MaxEpCost	MinEpCost	EpLen	CumulativeCost	CostRate	AverageVVals	StdVVals	MaxVVals	MinVVals	AverageCostVVals	StdCostVVals	MaxCostVVals	MinCostVVals	LossPi	DeltaLossPi	SurrCost	DeltaSurrCost	LossV	DeltaLossV	LossVC	DeltaLossVC	Penalty	DeltaPenalty	Alpha	BacktrackIters	Entropy	KL	TotalEnvInteracts	Time
0	-0.15224668	1.2313813	3.1025677	-2.5343103	24.45	47.182068	158.0	0.0	1000.0	489.0	0.02445	0.6329085	0.44895658	1.6864201	-1.2328123	-0.40670514	0.2252108	0.7345213	-1.2224053	-0.03133954	-0.044940084	0.014644384	-0.04230531	0.753317	-0.62410694	32.57438	-13.908542	0.99999994	-0.031314015	0.39762554	0.0	1.837877	0.009203584	20000.0	109.4596836566925
1	-0.6756635	1.0008632	1.2967231	-2.507106	9.8	24.508366	106.0	0.0	1000.0	685.0	0.017125	0.06361338	0.25957558	1.5924658	-0.48290533	2.690106	2.6235602	13.823144	-3.0763192	0.1898311	-0.15552807	1.2872281	-1.0443147	0.1101788	-0.026259057	13.542205	-5.687573	0.9686859	-0.023645818	0.12867774	0.0	1.8321354	0.008847833	40000.0	212.58961129188538
2	-0.17080474	1.3205717	2.010419	-2.4346774	27.1	45.487247	169.0	0.0	1000.0	1227.0	0.02045	-0.03567822	0.25873807	1.1626964	-0.6028033	0.9645082	0.66911376	4.5274024	-1.5582671	-0.007954171	-0.020301327	-0.011055628	-0.023732446	0.09340418	-0.013078574	27.671757	-5.703803	0.9450401	-0.015226126	1.0727603	0.0	1.8593128	0.008640889	60000.0	315.1123206615448
3	0.2894331	1.6743854	6.1277046	-1.9549872	13.7	29.63461	124.0	0.0	1000.0	1501.0	0.0187625	-0.030219367	0.3061761	1.0935463	-0.5064517	3.0672472	2.4373925	14.868203	-2.0773752	0.013181994	-0.02119196	0.022475153	-0.03340812	0.109183095	-0.017000962	16.596443	-6.238943	0.929814	-0.020288944	0.9309769	0.0	1.8482614	0.0090074465	80000.0	416.1742799282074
4	-0.24108239	1.0448354	2.1173475	-1.8102529	23.1	42.259792	125.0	0.0	1000.0	1963.0	0.01963	0.019335963	0.26216546	1.0444969	-0.49067432	1.1718931	0.8126031	5.811011	-3.1457436	0.00963819	-0.019400865	0.014467925	-0.033121645	0.09462915	-0.01633216	24.412107	-5.2188444	0.90952504	-0.0184502	0.59985185	0.0	1.8743107	0.008621982	100000.0	517.4285628795624
5	0.14384648	1.0342575	2.4132802	-2.1197124	8.1	15.855285	61.0	0.0	1000.0	2125.0	0.017708333333333333	-0.0011545232	0.29514492	1.1344666	-0.529973	2.4293075	2.1208498	12.823522	-2.5192037	0.010075336	-0.07510144	0.042040676	-0.07055626	0.086591326	-0.012684908	11.434275	-7.082069	0.89107484	-0.02186662	0.38007858	0.0	1.8810687	0.009217918	120000.0	620.2529754638672
6	0.97276956	1.2789925	3.977715	-0.9317662	31.45	54.83473	165.0	0.0	1000.0	2754.0	0.019671428571428572	0.045618147	0.295185	1.3827885	-0.5115763	0.98463476	0.5214894	7.9338746	-1.2994243	0.043824233	-0.27134085	0.15380964	-0.36778134	0.110964745	-0.019347519	35.85445	-4.8346024	0.8692082	-0.01468724	0.11715599	0.0	1.8979974	0.009004158	140000.0	726.7505688667297
7	0.55330724	1.1062586	3.1777265	-1.121033	20.8	41.35408	141.0	0.0	1000.0	3170.0	0.0198125	0.07691934	0.29796916	1.0629283	-0.40559113	2.897323	0.5723542	8.134719	-1.9420462	0.0028297296	-0.021480069	-0.003972563	-0.024375748	0.1067255	-0.02076485	18.672077	-2.8009672	0.854521	-0.014879763	1.1136228	0.0	1.9208304	0.009069582	160000.0	837.9075498580933
8	-0.34037668	2.098204	3.6414638	-4.304189	19.3	37.20363	122.0	0.0	1000.0	3556.0	0.019755555555555554	0.061966505	0.27816588	0.880378	-0.5618105	1.9547477	1.2826748	6.4025526	-1.9283417	-0.054800168	-0.07505332	-0.03397891	-0.03773165	0.13144642	-0.029243227	18.653526	-3.4373107	0.8396412	-0.015656829	0.109451756	0.0	1.9115812	0.00833676	180000.0	953.2551515102386
9	0.8527754	1.5769426	4.341718	-1.4505821	26.9	54.004536	221.0	0.0	1000.0	4094.0	0.02047	-0.010560048	0.32507735	1.0251335	-1.1143075	2.1629367	1.2364794	9.643772	-1.4090881	-5.1593475	-35.87671	-0.15464626	-1.1438998	0.13005704	-0.028358854	34.121933	-8.085386	0.8239844	-0.012843013	0.0013098574	0.0	1.9112544	0.009118756	200000.0	1055.9856054782867
10	0.0027943016	0.8600122	1.3842671	-1.4976006	13.4	30.307423	110.0	0.0	1000.0	4362.0	0.019827272727272728	0.0681828	0.3055374	1.1141522	-0.66372883	2.4396045	1.5619172	10.480048	-3.502564	0.033681404	-0.09371092	-0.26792765	0.11820769	0.08685744	-0.015181538	14.958643	-5.518819	0.8111414	-0.015681803	0.1388521	0.0	1.9265664	0.0088511	220000.0	1161.5259251594543
11	0.2722252	1.478792	2.6660435	-3.2245843	26.45	42.219044	118.0	0.0	1000.0	4891.0	0.020379166666666667	0.0009737953	0.30465135	0.91119444	-0.642813	1.5576309	1.5972697	9.80108	-3.5394614	0.005194949	-0.019712899	-0.018296797	-0.02764516	0.10319758	-0.016810548	23.949091	-6.2434177	0.79545957	-0.013274431	0.935109	0.0	1.930819	0.008276585	240000.0	1271.263962984085
12	-0.2461561	1.6464921	3.0635426	-3.4514194	15.5	37.02904	110.0	0.0	1000.0	5201.0	0.020003846153846153	0.021050625	0.29358876	0.8895149	-0.5926526	1.9690996	1.2527317	11.015918	-1.9566836	0.054623738	-0.053775772	0.10876329	-0.10386686	0.118978105	-0.024415888	15.456093	-3.1715715	0.78218514	-0.01522553	0.21091159	0.0	1.9384452	0.008247729	260000.0	1386.1029102802277
13	0.7468544	1.6555462	5.0071855	-2.0987048	37.3	46.447926	125.0	0.0	1000.0	5947.0	0.021239285714285714	0.022295807	0.32524568	1.0286673	-0.87433666	1.8134392	1.8025924	9.589917	-1.3765382	-0.07210362	-0.15448488	-0.11732407	-0.25456718	0.14911439	-0.05764049	32.152782	-8.893124	0.7669596	-0.007918239	0.14637473	0.0	1.9261279	0.009213816	280000.0	1496.3167169094086
14	0.84027517	1.2765923	3.2849	-1.2274469	27.7	42.128494	116.0	0.0	1000.0	6501.0	0.02167	0.07826555	0.30275247	1.0760194	-0.8201289	3.871664	1.6843106	10.274545	-1.7615848	0.030666322	-0.040331908	0.07824796	-0.09198377	0.13420135	-0.038421977	26.283787	-8.10423	0.75904137	-0.0060613155	0.19628707	0.0	1.9266733	0.0086593125	300000.0	1602.3087282180786
15	-0.00026956797	1.6689107	3.914052	-3.5475156	12.6	25.383852	92.0	0.0	1000.0	6753.0	0.021103125	0.08933744	0.3164944	1.1388936	-0.63840306	2.6117306	2.2040105	11.276615	-3.7698	0.0076924833	-0.024714598	0.037920006	-0.018204797	0.12501623	-0.02461322	15.241877	-7.648761	0.75298005	-0.009585381	0.54907805	0.0	1.9259012	0.008618645	320000.0	1714.9938468933105
16	0.1869771	1.68049	3.308159	-3.797369	15.95	27.956171	87.0	0.0	1000.0	7072.0	0.0208	0.010921836	0.3177912	1.0694416	-0.75086266	1.5429531	0.82020783	5.9939847	-1.8640776	-0.0032155663	-0.014626064	-0.00943017	-0.024927275	0.1282694	-0.024905141	11.509365	-4.0107737	0.7433947	-0.01150769	1.162429	0.0	1.9001887	0.00872926	340000.0	1826.4593784809113
17	2.0240045	1.4821999	5.382286	-1.6769631	24.1	39.392765	132.0	0.0	1000.0	7554.0	0.020983333333333333	0.019982876	0.35567504	1.2852232	-0.8428263	1.8170325	1.9168204	13.004287	-2.9223378	0.003775604	-0.032465417	0.00033495482	-0.06529017	0.16984493	-0.06307482	20.911884	-7.235967	0.731887	-0.01065439	0.7212038	0.0	1.8654864	0.008811051	360000.0	1934.1405098438263
18	1.9255129	2.2551389	8.493243	-1.2361711	10.15	24.66835	107.0	0.0	1000.0	7757.0	0.02041315789473684	0.18910386	0.35634074	1.5675654	-0.5013426	2.3005848	1.79485	12.861521	-1.52628	-0.016167881	-0.058938287	-0.036845997	-0.14457378	0.13821733	-0.02342869	10.485957	-4.7400217	0.7212326	-0.013666689	0.3882605	0.0	1.8864009	0.009229661	380000.0	2042.6047759056091
19	1.8234885	1.780185	5.281775	-1.2080498	16.0	25.181341	72.0	0.0	1000.0	8077.0	0.0201925	0.214727	0.34812835	1.4948281	-0.5752911	1.4283493	1.6618255	13.215315	-5.091027	-0.0005673049	-0.018841403	-0.0167199	-0.026513888	0.15814246	-0.035221398	10.463616	-2.847777	0.7075659	-0.014775395	1.0332373	0.0	1.8970484	0.008969497	400000.0	2149.2253744602203
20	3.029421	1.7066007	7.2954497	0.21397926	29.85	52.67948	155.0	0.0	1000.0	8674.0	0.020652380952380953	0.18892008	0.37111095	1.6150924	-0.7546195	1.3517442	1.1434884	10.350236	-3.0138347	0.0072329417	-0.021486737	-0.005216509	-0.029303877	0.20455101	-0.0464582	33.373116	-13.189206	0.6927905	-0.011667967	0.8678041	0.0	1.8971741	0.008634318	420000.0	2253.102826833725
21	2.9474788	2.467216	9.570359	-0.6126873	15.25	32.384987	113.0	0.0	1000.0	8979.0	0.020406818181818182	0.2871711	0.36270624	1.8209275	-0.510226	3.5969772	2.3634531	14.046632	-2.3040018	-0.024211243	-0.020181699	-0.06538423	-0.041196823	0.19614817	-0.046077784	20.182148	-10.088881	0.68112254	-0.01314193	0.680857	0.0	1.8917089	0.009549758	440000.0	2354.8485774993896
22	4.138472	3.5565093	13.519732	-1.1948267	23.25	33.33748	118.0	0.0	1000.0	9444.0	0.020530434782608697	0.29943648	0.3776577	2.0991285	-0.7384631	1.8553625	1.1102916	7.954921	-3.285036	-0.62616384	-0.4635448	0.36394587	0.300608	0.3842671	-0.12446831	17.389381	-4.448134	0.6679806	-0.012322962	0.015921481	0.0	1.875472	0.009653323	460000.0	2456.3587963581085
23	2.8693128	2.1057153	7.7012787	-0.37707227	31.1	44.859673	124.0	0.0	1000.0	10066.0	0.020970833333333334	0.42690253	0.41869554	2.4758296	-0.6197536	2.3146656	1.4835386	10.214041	-2.3684022	0.040289383	-0.03993518	-0.02063346	0.0015471354	0.24145913	-0.075142905	25.094728	-8.644775	0.65565765	-0.009162426	0.28650767	0.0	1.8717414	0.008424185	480000.0	2557.8776614665985
24	3.7031338	2.9503694	8.250436	-2.7412763	29.65	41.098995	114.0	0.0	1000.0	10659.0	0.021318	0.3032719	0.35968527	1.9486537	-0.7086162	2.817997	1.9059534	11.273145	-2.514558	0.014082283	-0.029780671	0.025249377	-0.06762949	0.27654725	-0.07095056	24.418697	-8.7114525	0.6464952	-0.006842792	0.6498117	0.0	1.8558185	0.009068422	500000.0	2664.64750957489
25	2.754277	2.566981	8.640465	-2.9130168	18.4	33.332268	119.0	0.0	1000.0	11027.0	0.02120576923076923	0.37418705	0.41116437	2.2920713	-0.5946689	3.5000875	2.057909	11.427904	-2.1346726	-0.0083005605	-0.021637324	0.0005945191	-0.024520228	0.2044267	-0.06178648	20.237411	-9.867142	0.63965243	-0.008054495	0.97740716	0.0	1.8612335	0.0091465525	520000.0	2773.9462027549744
26	3.5625312	1.6557996	7.554103	1.0542951	10.45	22.670408	89.0	0.0	1000.0	11236.0	0.020807407407407406	0.3392501	0.3949035	2.3322334	-0.60689706	1.7782223	1.532632	10.280049	-2.441042	-0.010159358	-0.029184753	-0.01304137	-0.017536651	0.15506265	-0.041150786	11.492185	-5.161988	0.63159794	-0.010948956	1.0009714	0.0	1.845789	0.009200443	540000.0	2891.893776655197
27	4.1790857	3.7595701	9.945459	-4.79068	17.8	26.796642	104.0	0.0	1000.0	11592.0	0.0207	0.35359162	0.37274265	2.5877044	-0.37027702	0.9257491	1.0954107	7.466495	-4.5366015	-0.07378521	-0.2860062	-0.022901319	-0.18424836	0.4076565	-0.1537712	13.867222	-5.259304	0.620649	-0.011711657	0.08554419	0.0	1.8549438	0.008964289	560000.0	3009.769338130951
28	13.786931	31.605087	110.58697	-2.1660595	10.55	22.972754	105.0	0.0	1000.0	11803.0	0.02035	0.37207592	0.47878727	2.640431	-0.80404013	1.8173106	1.3291041	7.755065	-2.7294483	0.0038440302	-0.09730156	-0.08983822	-0.2212107	53.7036	-22.516283	8.858419	-3.8004296	0.6089373	-0.013822913	0.17833209	0.0	1.8615291	0.0091415495	580000.0	3116.955506801605
29	8.616324	23.31398	109.63966	-1.2021317	11.05	26.984207	121.0	0.0	1000.0	12024.0	0.02004	1.1182047	2.7205288	26.018236	-7.678656	0.8251333	1.0147197	6.908819	-2.666614	-0.011246882	-0.11573373	-0.0522969	-0.15651599	30.578331	-21.836536	11.269988	-4.8635893	0.5951144	-0.015383303	0.43602055	0.0	1.8547103	0.009780224	600000.0	3247.680520772934
30	6.0398893	3.6055076	12.431339	0.311038	29.0	40.358395	112.0	0.0	1000.0	12604.0	0.020329032258064515	0.9656597	2.339621	35.935825	-9.355858	1.2193482	1.5675443	10.212013	-2.8130777	-0.14905366	-0.20274237	-0.4176554	-0.42190886	5.706991	-4.972126	30.312374	-13.040449	0.5797311	-0.012729347	0.07025309	0.0	1.8778398	0.009355428	620000.0	3364.221213579178
31	9.479909	22.315765	105.79805	-0.86679775	27.95	43.50342	159.0	0.0	1000.0	13163.0	0.0205671875	0.69615906	0.72115713	9.458626	-3.2437148	2.6974318	1.6208584	10.36909	-1.9515071	0.20467699	-0.16654462	0.5101679	-0.41399541	25.670107	-14.975247	29.742832	-10.705738	0.56700176	-0.01067102	0.053535674	0.0	1.8595695	0.009076273	640000.0	3485.1861441135406
32	4.355194	2.2917514	8.830627	-0.2600351	29.3	41.84746	136.0	0.0	1000.0	13749.0	0.02083181818181818	0.86971366	2.338446	35.645645	-19.35829	3.133442	2.0384617	15.3585615	-3.6198835	-0.0044646487	-0.02784138	-0.031847257	-0.043888193	5.871133	-5.591567	25.74731	-10.945295	0.55633074	-0.008502543	0.73080415	0.0	1.8552723	0.008945288	660000.0	3612.055706501007
33	4.0248003	3.2678673	9.483753	-2.8082123	29.5	39.782536	143.0	0.0	1000.0	14339.0	0.021086764705882353	0.4702121	0.53131914	7.5433292	-10.046766	3.1069696	2.2150655	14.341554	-2.6926117	0.011437178	-0.029168565	0.0013477355	-0.05742544	0.45849353	-0.1502387	23.830338	-12.595756	0.5478282	-0.0065291524	0.69925773	0.0	1.8529313	0.00914079	680000.0	3726.5512001514435
34	8.640325	22.811981	107.11178	-3.6768196	34.65	42.737892	128.0	0.0	1000.0	15032.0	0.021474285714285713	0.40753227	0.44893837	5.6494455	-2.7009485	3.3087914	2.5960624	18.084682	-2.5526311	-0.6640216	-0.6108936	-1.879633	-1.7421559	25.443228	-8.963712	25.292156	-13.591274	0.54129905	-0.0034596324	0.026298737	0.0	1.8705268	0.009612545	700000.0	3848.5046770572662
35	4.404517	3.653653	12.101536	-3.0015254	26.75	42.83442	149.0	0.0	1000.0	15567.0	0.021620833333333332	0.90954715	1.6443795	15.67448	-5.356053	3.777476	2.4832945	15.427489	-2.8597023	0.008025503	-0.050349288	0.043760523	-0.117457785	2.9842978	-2.6344357	30.089293	-17.072206	0.5378394	-0.002707541	0.6200191	0.0	1.8623695	0.009170104	720000.0	3988.2738194465637
36	5.0619216	3.143531	12.310147	0.009161664	39.05	47.939	169.0	0.0	1000.0	16348.0	0.022091891891891893	0.49001408	0.57723045	6.8082457	-5.499573	2.898752	2.2488308	16.416626	-3.81309	0.06472427	-0.0841191	0.21311587	-0.27327514	0.5304227	-0.13951106	34.74457	-18.108715	0.5351319	0.0009716153	0.10960165	0.0	1.8921919	0.00894486	740000.0	4105.898181915283
37	16.83318	31.051626	109.589935	-0.04373214	31.75	66.094536	292.0	0.0	1000.0	16983.0	0.022346052631578947	0.5029646	0.5638229	5.4585514	-6.545669	4.1968355	3.2064772	19.775406	-4.3069353	-0.005518675	-0.027329918	-0.0269996	-0.06896319	51.832775	-20.852188	67.90042	-51.89696	0.5361035	0.0024979115	0.7907046	0.0	1.872711	0.00911678	760000.0	4219.939153671265
38	4.727295	4.5395117	16.954628	-2.5065331	18.55	35.218567	109.0	0.0	1000.0	17354.0	0.02224871794871795	1.681275	2.0946932	22.6723	-7.487245	2.5011759	2.6234543	27.64261	-5.386521	0.010283699	-0.11583062	0.06145238	-0.16281024	5.8270526	-4.766304	24.841038	-16.170979	0.5386014	0.00070655346	0.2444792	0.0	1.8777449	0.009242089	780000.0	4333.277631521225
39	5.0614076	2.4827344	8.745594	-1.1305857	35.4	49.190853	148.0	0.0	1000.0	18062.0	0.0225775	0.7907686	0.7624827	7.792658	-4.176386	2.1100626	2.4054785	17.02121	-5.5432415	-0.012030158	-0.05414319	0.0033863112	0.019606788	0.89112246	-0.4976017	36.25594	-19.695612	0.53930795	0.0031322837	0.45766658	0.0	1.8976285	0.008675462	800000.0	4441.388130903244
40	10.161047	23.056334	109.24469	-0.74031734	38.7	45.096676	137.0	0.0	1000.0	18836.0	0.022970731707317074	0.5190242	0.64606005	12.066726	-8.373197	3.451372	2.6273062	21.960428	-4.8460965	-0.045823026	-0.16929053	-0.14909002	-0.46831685	26.668589	-13.806247	33.988983	-20.724302	0.54244024	0.0060358644	0.20755923	0.0	1.9056702	0.009117539	820000.0	4552.540176391602
41	4.9397655	3.3217819	11.600945	-0.21522352	23.0	38.716923	129.0	0.0	1000.0	19296.0	0.02297142857142857	0.9480455	1.5044516	25.951803	-10.022056	3.5235622	2.7311497	19.67247	-4.5813684	-0.019042047	-0.03490925	0.058353666	-0.09732111	2.732034	-2.268423	25.588577	-13.890411	0.5484761	0.005047381	0.46083722	0.0	1.9140409	0.009305714	840000.0	4662.563114404678
42	5.780974	4.6776447	12.621445	-3.008065	34.1	49.9889	127.0	0.0	1000.0	19978.0	0.023230232558139535	0.5601206	0.6532023	12.204771	-4.237038	3.2476587	2.5849957	23.982761	-5.6601353	-0.0017591715	-0.03276334	0.033995517	-0.054847825	0.80413324	-0.27434438	34.08923	-16.837439	0.5535235	0.0067830086	0.5673228	0.0	1.9044223	0.009249318	860000.0	4772.952935934067
43	4.5446177	3.4586976	12.178397	-0.32211152	31.45	42.182312	125.0	0.0	1000.0	20607.0	0.023417045454545454	0.5087581	0.62453985	8.914864	-4.762121	3.0457473	2.5916903	16.97956	-5.8062105	0.86051166	-0.7618008	2.9596102	-2.5335424	0.47174352	-0.16367774	30.093838	-18.844967	0.5603065	0.007781923	0.015728615	0.0	1.8757231	0.008556683	880000.0	4884.351477146149
44	6.7676697	3.3902068	11.10087	-1.761487	28.5	36.616253	123.0	0.0	1000.0	21177.0	0.02353	0.51466036	0.58725446	10.888455	-2.7095177	3.6624124	3.0253217	17.720636	-6.031669	-0.0036964247	-0.0284672	-0.024922967	-0.041501917	0.6439966	-0.1517674	30.733925	-18.707598	0.5680884	0.008017778	0.65116954	0.0	1.884767	0.009083297	900000.0	5003.923293352127
45	10.331081	24.672798	116.15751	-3.8865778	39.85	44.975853	128.0	0.0	1000.0	21974.0	0.023884782608695653	0.64519894	0.59224576	8.914018	-2.9540637	2.8271186	2.2681532	14.89707	-4.4339848	-0.04529386	-0.13520876	-0.1274009	-0.33553946	25.456572	-16.516048	37.743347	-22.286125	0.5761062	0.010846317	0.18237567	0.0	1.8899505	0.009212697	920000.0	5124.033936023712
46	6.7934084	2.8062077	12.980156	2.8642807	35.95	39.47211	111.0	0.0	1000.0	22693.0	0.02414148936170213	0.81813526	1.3593237	28.85013	-4.500555	3.8450696	2.7437563	19.349545	-6.3254557	0.013168561	-0.032567922	0.0021662954	-0.059223264	1.8264797	-1.4862424	29.500511	-15.969742	0.5869525	0.012593329	0.5172982	0.0	1.9152702	0.009258597	940000.0	5231.61460185051
47	7.0470095	4.6930466	14.238463	-4.8006735	32.6	36.48342	104.0	0.0	1000.0	23345.0	0.024317708333333334	0.7291093	0.5731999	6.9062324	-9.532846	3.734518	2.6173935	17.069937	-5.4814	0.35192227	-0.33720142	0.6889418	-0.78596795	0.85550153	-0.28212932	32.70759	-19.729061	0.59954584	0.013485193	0.017732378	0.0	1.8966131	0.008819386	960000.0	5337.898320436478
48	5.485271	5.9802566	16.680134	-4.383832	39.85	42.42673	126.0	0.0	1000.0	24142.0	0.02463469387755102	0.62689346	0.62491494	7.472241	-4.3816867	2.977195	2.5163243	14.424483	-4.7539215	-0.007071018	-0.04673314	-0.022113591	-0.07302429	0.84685993	-0.2609415	34.51857	-19.391554	0.613031	0.015912712	0.3661377	0.0	1.8777224	0.009084125	980000.0	5443.780427455902
49	9.828572	23.621298	111.69683	-3.0937793	37.4	47.47673	166.0	0.0	1000.0	24890.0	0.02489	0.5573098	0.9424203	20.302896	-3.137888	4.0528507	2.7505329	18.948345	-4.9611044	-0.006949976	-0.030865952	-0.03149257	-0.06746176	21.44884	-15.791625	40.58764	-22.85448	0.62894374	0.01766193	0.64929134	0.0	1.8593502	0.00902118	1000000.0	5552.240458488464
50	11.222633	24.97605	118.81795	-0.26502237	46.55	56.66081	189.0	0.0	1000.0	25821.0	0.02531470588235294	0.7077126	1.4071485	37.194878	-2.633321	4.429793	3.1893525	18.16304	-5.461059	-0.0031836107	-0.040200733	0.013774961	-0.07470569	29.637283	-16.279398	58.529045	-35.62874	0.6466057	0.020973563	0.5124019	0.0	1.8620317	0.0090538	1020000.0	5664.482036352158
51	14.844469	30.795834	107.652275	-0.122841746	28.55	48.983135	209.0	0.0	1000.0	26392.0	0.025376923076923078	1.1192764	2.212912	44.052746	-5.889242	3.8935337	3.154304	22.131624	-5.7129874	-0.04593791	-0.040658824	-0.042407334	-0.06842772	49.20404	-34.40741	40.74492	-26.252373	0.66757923	0.020371497	0.46315646	0.0	1.8463993	0.009298818	1040000.0	5769.111146211624
52	5.6624455	3.84539	11.794261	-3.8516982	37.95	42.950523	144.0	0.0	1000.0	27151.0	0.025614150943396228	1.1706526	2.6663313	44.58349	-12.951749	3.2988691	2.8029764	22.932386	-6.9211793	0.054477386	-0.09425241	0.11206722	-0.21828732	7.6867924	-7.09268	38.53693	-23.409935	0.68795073	0.021977305	0.13910744	0.0	1.8336878	0.008326728	1060000.0	5876.402970075607
53	8.617503	4.3331723	17.347095	1.3996378	34.45	45.453796	152.0	0.0	1000.0	27840.0	0.025777777777777778	0.61621296	0.6273517	6.031417	-6.0525126	3.7003276	2.7342966	20.228651	-5.1893544	0.0018474348	-0.04348185	0.10216565	-0.11060179	0.81205034	-0.24730712	36.10194	-21.627087	0.70992804	0.022750616	0.30787838	0.0	1.8387537	0.009281033	1080000.0	5991.045654773712
54	6.90322	3.4476936	13.619992	1.0418696	38.15	43.35698	139.0	0.0	1000.0	28603.0	0.02600272727272727	0.8341364	0.82226205	23.511559	-8.140355	3.877737	3.17955	17.955662	-6.3525267	0.035120904	-0.068621546	0.07511217	-0.15817213	0.960868	-0.4372369	39.968597	-26.297594	0.73267865	0.024331748	0.2731065	0.0	1.8286433	0.008914474	1100000.0	6093.4444415569305
55	5.4647	3.8088658	13.8178625	-2.3291926	22.65	31.796658	92.0	0.0	1000.0	29056.0	0.025942857142857143	0.69164133	0.70548767	15.76235	-7.17717	3.8822665	2.6764152	23.001612	-4.6907096	0.020513475	-0.07044369	0.0014553741	-0.10097183	0.74364066	-0.3451252	26.744102	-17.221914	0.7570104	0.021880567	0.15513122	0.0	1.8474739	0.008875842	1120000.0	6208.078393697739
56	5.2983117	4.7965693	13.176532	-4.376905	26.65	34.9761	114.0	0.0	1000.0	29589.0	0.025955263157894738	0.58752733	0.6689867	13.561148	-3.5386145	2.747192	2.4317386	17.540117	-5.823427	-6.554276e-05	-0.03317588	0.0014291406	-0.06003531	0.6858804	-0.2640888	25.809265	-14.830557	0.77889097	0.020699382	0.5522732	0.0	1.8418643	0.009176336	1140000.0	6325.084397554398
57	16.796574	31.40203	111.18945	0.86223	14.55	23.11812	81.0	0.0	1000.0	29880.0	0.025758620689655173	0.5866605	0.6455882	10.464837	-5.9495087	2.7019742	2.2124796	15.499757	-5.456401	-0.4038396	-2.6790912	-0.863842	-5.8689985	50.596237	-32.117764	15.172529	-9.6524315	0.79959035	0.015822053	0.017002877	0.0	1.8283112	0.009927785	1160000.0	6433.970186710358
58	16.545269	31.30734	111.11363	-0.80667657	24.55	29.16929	101.0	0.0	1000.0	30371.0	0.02573813559322034	1.447027	3.035902	48.427486	-7.411785	1.4754026	1.8575056	14.308509	-7.422731	-0.1383969	-1.4513587	-0.108921275	-1.8260604	38.529045	-27.336842	18.077728	-9.344692	0.8154124	0.014401615	0.036121037	0.0	1.8398468	0.009172356	1180000.0	6554.53560090065
59	5.7201324	5.0354104	14.301301	-3.1526453	14.3	25.21924	84.0	0.0	1000.0	30657.0	0.0255475	2.3090684	5.2460384	54.488407	-6.1557784	2.39942	1.9323024	13.618009	-5.072822	-0.0540775	-0.09356195	-0.09372026	-0.1241742	32.24906	-27.326498	16.456951	-9.696654	0.829814	0.009841621	0.2925058	0.0	1.8545756	0.009499295	1200000.0	6672.440310239792
60	7.996245	4.8559313	16.794815	0.2865228	19.9	26.776669	85.0	0.0	1000.0	31055.0	0.025454918032786884	0.79001904	1.0054938	21.128502	-9.900218	1.5375861	2.0002208	12.060912	-5.200824	-0.055805065	-0.099136084	-0.07205635	-0.20726465	1.5810788	-0.77055573	16.902355	-9.236084	0.83965564	0.0074201226	0.14653794	0.0	1.8600259	0.009203095	1220000.0	6787.991256713867
61	7.1380434	3.8660433	13.677477	1.524498	21.35	30.547136	121.0	0.0	1000.0	31482.0	0.025388709677419356	0.8320089	1.0414586	21.585442	-21.310856	2.0350823	1.9894999	11.524347	-5.422943	-0.3915924	-0.29452467	-0.64322674	-0.44870424	1.3500222	-0.697112	21.173832	-13.666834	0.84707576	0.005636692	0.043064833	0.0	1.8449092	0.0092535205	1240000.0	6900.792164325714
62	10.688173	24.32304	114.32512	-4.4811835	20.15	33.24797	101.0	0.0	1000.0	31885.0	0.025305555555555557	0.84261024	1.4113994	32.703186	-10.179922	1.7321887	1.9805737	16.482729	-4.763886	-0.037759066	-0.16571799	-0.07779349	-0.320024	21.441452	-14.243878	17.905659	-9.953086	0.85271245	0.0036168694	0.18109979	0.0	1.844569	0.009304374	1260000.0	7007.487656831741
63	10.304636	21.689714	103.83885	-3.9074268	29.0	31.324112	104.0	0.0	1000.0	32465.0	0.02536328125	1.186852	3.7405305	55.59507	-10.417429	2.7081845	2.3201017	17.45464	-3.3507395	-0.01839987	-0.1579251	-0.003523631	-0.3596927	28.689093	-22.560492	28.048992	-14.664839	0.8563293	0.00453794	0.14253268	0.0	1.8447537	0.008489889	1280000.0	7123.298091650009
64	22.296104	38.926414	117.62763	-2.1369426	33.65	38.639713	126.0	0.0	1000.0	33138.0	0.02549076923076923	1.2737572	3.31087	56.374	-12.45677	3.1062527	2.3476155	19.29449	-7.1073675	-0.03342933	-0.07241048	-0.09440142	-0.13349919	62.262646	-46.66083	36.80256	-24.311893	0.86086726	0.0068255663	0.25699052	0.0	1.854389	0.00882412	1300000.0	7228.8136212825775
65	7.934607	4.3057513	15.774798	-2.2502527	33.6	48.19585	165.0	0.0	1000.0	33810.0	0.025613636363636363	1.4573954	3.362823	56.381016	-4.961622	3.5350976	2.9669368	19.984673	-6.550127	-0.21480007	-0.20128334	-0.42243546	-0.4332611	12.868845	-11.558901	40.894466	-25.38871	0.8676928	0.008906186	0.101112396	0.0	1.8420444	0.009263426	1320000.0	7339.29602265358
66	19.827045	30.156876	110.42948	4.064591	49.8	52.664597	189.0	0.0	1000.0	34806.0	0.025974626865671643	1.0803657	1.3736885	32.8911	-15.074234	3.5899172	2.8707912	25.072828	-5.0601597	-0.084759295	-0.16493866	-0.22654468	-0.3288977	47.818466	-33.0797	59.96047	-41.38993	0.876599	0.015281618	0.0834729	0.0	1.8403008	0.009150865	1340000.0	7445.32235622406
67	6.441568	3.5695162	13.4551525	-0.13312748	38.75	32.696903	105.0	0.0	1000.0	35581.0	0.0261625	1.5007794	2.6165564	64.85731	-13.711382	4.533517	2.9095502	25.313158	-4.2443147	0.01502367	-0.03890444	0.016562948	-0.07330626	11.359689	-9.095908	29.362904	-15.915453	0.89188063	0.018011093	0.429486	0.0	1.8327448	0.0094132535	1360000.0	7558.912294149399
68	6.985746	3.9641247	17.981178	-0.55770636	49.05	56.385704	232.0	0.0	1000.0	36562.0	0.026494202898550725	0.8265408	0.8771354	23.200708	-6.137192	3.940311	2.503529	18.770786	-6.5165963	0.08887188	-0.092486635	0.18382925	-0.18453321	1.162708	-0.5423837	52.58623	-30.346664	0.9098917	0.023025513	0.13343409	0.0	1.8211349	0.0092339665	1380000.0	7677.508232116699
69	12.815649	22.59841	108.60673	-7.2038474	32.6	41.846622	115.0	0.0	1000.0	37214.0	0.026581428571428572	0.83971643	2.2586777	51.034103	-10.670925	4.816661	3.0519154	20.132458	-4.0902996	-0.008857704	-0.06679275	-0.027931552	-0.13907972	15.826437	-11.956723	32.209393	-20.322456	0.93291724	0.023416936	0.26916343	0.0	1.7998763	0.009371003	1400000.0	7794.71880197525
70	13.570253	22.16811	108.51464	0.8306918	44.2	49.232716	176.0	0.0	1000.0	38098.0	0.026829577464788732	1.2011235	2.6589665	64.241486	-7.9900565	3.8249555	3.011515	19.581459	-4.8047023	0.0114996955	-0.033466667	0.023483053	-0.05762109	20.184683	-16.237167	41.789803	-22.610222	0.9563342	0.026829183	0.51974237	0.0	1.8001435	0.009031666	1420000.0	7897.677446126938
71	17.52808	30.52844	109.835144	2.2661273	31.6	53.313602	215.0	0.0	1000.0	38730.0	0.026895833333333334	1.3181051	3.6723256	61.814163	-4.916182	3.971153	2.5017235	19.900402	-5.6237993	-0.020245247	-0.039523713	-0.040836696	-0.075697064	31.212532	-22.550371	46.146317	-30.61516	0.98316336	0.026681304	0.50207543	0.0	1.7964717	0.009375736	1440000.0	7999.454079389572
72	8.306314	4.9322176	17.443144	1.1351923	27.4	41.629795	155.0	0.0	1000.0	39278.0	0.026902739726027396	1.2970873	2.2486877	56.920013	-7.0428896	3.3019414	3.6459563	28.291111	-7.3373275	-0.06275737	-0.14136554	-0.12609696	-0.30294192	6.152363	-5.180771	36.31784	-23.465687	1.0098447	0.025297046	0.17829126	0.0	1.8094641	0.008856632	1460000.0	8101.136358261108
73	13.064407	23.005497	110.199196	-1.4174794	41.2	48.725353	190.0	0.0	1000.0	40102.0	0.027095945945945946	1.0325068	1.8066863	44.73862	-9.800479	3.1282485	3.1547728	23.023619	-7.655	-0.082861654	-0.20072852	-0.18398945	-0.38953856	19.48812	-13.819445	46.137573	-32.84414	1.0351417	0.027998328	0.075568035	0.0	1.823612	0.008467777	1480000.0	8203.131588220596
74	11.816267	22.19856	105.55863	-1.6034731	30.05	37.167828	125.0	0.0	1000.0	40703.0	0.027135333333333334	1.2939812	3.1626565	64.77476	-13.253458	3.5674665	2.7583725	27.17046	-4.991843	-0.058256984	-0.052610442	-0.10902624	-0.099459745	28.520828	-22.199963	28.734623	-15.985105	1.06314	0.027338743	0.3758575	0.0	1.81265	0.009152088	1500000.0	8305.586521625519
75	8.021822	4.418195	17.942482	-0.7780194	40.5	46.674942	177.0	0.0	1000.0	41513.0	0.027311184210526317	0.89227986	1.3975751	49.227688	-14.569235	2.8920918	2.5512683	17.606737	-5.4826856	-0.042300053	-0.046030074	0.017910507	-0.06834211	2.2782648	-1.653254	41.348236	-23.85397	1.0904788	0.029788494	0.22199681	0.0	1.81546	0.009217114	1520000.0	8408.304049491882
76	13.216423	23.045252	111.65534	1.6984864	31.4	49.23962	164.0	0.0	1000.0	42141.0	0.027364285714285716	0.8137002	1.2951561	22.438625	-25.02684	4.1189384	2.9315672	26.050905	-5.1214027	0.0041229427	-0.093586765	0.008545637	-0.1736061	27.341005	-13.670706	42.725693	-29.214281	1.1202673	0.029432297	0.2507521	0.0	1.8036656	0.009006395	1540000.0	8509.706703186035
77	11.376023	22.387644	107.03373	-1.5440855	43.0	43.236557	152.0	0.0	1000.0	43001.0	0.02756474358974359	1.1417977	1.8191978	69.83117	-7.3451157	2.914184	3.2404065	29.505388	-7.6742573	0.04076153	-0.053860903	0.091880985	-0.08199015	21.963282	-18.59297	42.504543	-25.932898	1.1496996	0.032477856	0.28589568	0.0	1.81935	0.009015627	1560000.0	8611.276284217834
78	11.919779	22.938438	110.11489	-0.33894566	32.0	33.536545	95.0	0.0	1000.0	43641.0	0.027620886075949366	1.2331699	3.41107	64.729126	-14.247272	4.0113926	2.6582863	24.564129	-5.423915	-0.041469067	-0.16157058	-0.10230039	-0.29342234	23.643768	-19.333363	28.33979	-15.140414	1.1821774	0.032122135	0.120436974	0.0	1.8053304	0.009272643	1580000.0	8712.936294078827
79	9.0680065	4.5825696	16.017801	-0.12713276	42.0	34.619358	110.0	0.0	1000.0	44481.0	0.027800625	0.9494461	1.0475613	36.982197	-5.193846	3.530611	2.4346342	18.148415	-3.9003086	-0.06378378	-0.10215308	-0.120832056	-0.18272431	1.6071335	-0.9226372	35.386196	-18.107025	1.2142996	0.03476274	0.27617854	0.0	1.8072667	0.009973444	1600000.0	8814.281314373016
80	7.196945	3.3420959	14.553457	1.7704061	25.4	30.02732	111.0	0.0	1000.0	44989.0	0.027770987654320987	1.0616007	1.7324142	59.252098	-14.837855	4.2177963	2.610672	20.164879	-8.528986	-0.10132126	-0.17100087	-0.18478099	-0.30245563	3.247487	-2.5743797	26.159803	-15.374813	1.2490623	0.032053113	0.10649649	0.0	1.8167372	0.009620773	1620000.0	8917.013615369797
81	15.873349	30.222092	105.969955	-2.6526387	32.65	46.38133	181.0	0.0	1000.0	45642.0	0.027830487804878047	0.8994084	1.654396	52.17832	-11.37196	2.1263719	2.1365907	13.885895	-7.4715834	-0.06177677	-0.053919356	-0.097301856	-0.0889937	42.376976	-30.301634	45.610558	-33.78281	1.2811154	0.031975627	0.36092135	0.0	1.8086135	0.009046353	1640000.0	9018.648344278336
82	11.297818	22.571186	107.49277	-3.5836	35.5	48.842094	197.0	0.0	1000.0	46352.0	0.02792289156626506	1.6652089	4.931388	68.66674	-20.47376	3.2826397	3.267865	25.306087	-6.058318	-0.0601068	-0.06254939	-0.08496693	-0.08874796	39.998833	-32.9968	35.262856	-20.292927	1.313091	0.032847166	0.33277175	0.0	1.8033042	0.008862464	1660000.0	9120.487166881561
83	4.4307313	3.915992	12.303379	-0.64828545	38.3	44.010338	152.0	0.0	1000.0	47118.0	0.028046428571428573	0.8580443	0.95153207	16.099432	-12.198712	3.4470735	2.960235	17.954863	-6.1784735	0.024286333	-0.07526335	0.053859323	-0.11895168	1.5172347	-0.88994646	33.596466	-18.45625	1.3459382	0.03455603	0.23789567	0.0	1.788608	0.00915184	1680000.0	9221.00931930542
84	5.539438	3.135491	13.366124	-0.24020039	34.7	40.82046	122.0	0.0	1000.0	47812.0	0.02812470588235294	0.55517524	1.3197031	43.701183	-4.895208	3.6270804	2.6659021	18.04624	-5.4872513	-0.003494978	-0.038718976	-0.0138698965	-0.06551278	1.7028666	-1.1935147	29.838772	-17.099827	1.3804942	0.035006523	0.46495986	0.0	1.8103347	0.009105933	1700000.0	9317.533109664917
85	6.015442	4.8801866	14.164497	-4.210766	31.95	38.279858	115.0	0.0	1000.0	48451.0	0.028169186046511627	0.5405969	0.5980959	4.2522354	-11.535272	3.5997593	2.715697	16.900743	-4.9832954	-8.028112	-0.4256551	-16.971607	-0.6205898	0.6666223	-0.1946961	27.822655	-13.614748	1.4155008	0.034522295	0.015337552	0.0	1.786115	0.009144412	1720000.0	9414.55928850174
86	10.724467	22.443306	106.71679	-4.4911613	26.65	34.36899	94.0	0.0	1000.0	48984.0	0.028151724137931034	0.87692636	2.6340742	59.136955	-8.676104	3.3753874	2.3283825	17.540812	-4.312819	-0.06458986	-0.08713633	-0.09697108	-0.12966082	18.675339	-15.9530115	23.705566	-13.216347	1.450023	0.032191157	0.20287375	0.0	1.6575112	0.009071575	1740000.0	9510.988677978516
87	11.919548	21.791597	105.90007	-0.13750488	29.25	34.914	129.0	0.0	1000.0	49569.0	0.028164204545454544	1.0009753	2.6440613	55.833206	-7.8090396	2.589763	2.4148514	16.567575	-6.854886	0.085151985	-0.21120243	0.06494486	-0.28174636	20.809511	-14.375433	31.429792	-18.480534	1.4822142	0.030998468	0.09328759	0.0	1.6676292	0.008682933	1760000.0	9607.568791627884
88	10.398428	21.871689	104.138374	-3.422018	28.9	41.027916	119.0	0.0	1000.0	50147.0	0.028172471910112358	0.9990426	2.6267998	81.25349	-15.926267	2.8485453	2.3365805	20.079018	-4.891909	-0.52333707	-0.007432366	-0.86858976	-0.005497072	16.910551	-11.340358	30.247791	-15.311178	1.5132127	0.02978003	0.12893513	5.0	1.6814054	0.0010150038	1780000.0	9704.170242547989
89	12.310152	21.788233	106.0984	2.0042014	47.65	54.408894	231.0	0.0	1000.0	51100.0	0.02838888888888889	1.3320272	3.4358542	67.57447	-14.678759	3.8597417	2.8975127	20.170698	-5.5964594	-0.07497619	-0.05514717	-0.120431125	-0.08964723	23.640186	-18.44002	58.17308	-32.706333	1.5429927	0.035027027	0.2883523	0.0	1.6516047	0.009446065	1800000.0	9800.866101026535
90	4.3805313	3.8780386	12.662814	-3.6571302	34.35	39.85634	110.0	0.0	1000.0	51787.0	0.028454395604395603	0.95697284	1.6384442	44.205627	-11.7555	4.073918	2.8426986	28.3513	-5.486285	-0.07485477	-0.077486366	-0.12589914	-0.117819354	3.3918593	-2.7561316	31.614857	-15.217664	1.5780197	0.035431385	0.22398849	0.0	1.6466458	0.009332301	1820000.0	9897.94071984291
91	15.357187	31.48277	111.98966	-3.6724367	31.75	52.08827	201.0	0.0	1000.0	52422.0	0.02849021739130435	0.6485608	1.9743973	45.499508	-11.252884	3.6113129	2.5539794	20.318542	-6.746047	-0.042046603	-0.06453411	-0.07228953	-0.10355878	43.0106	-33.389862	39.74473	-23.5609	1.6134511	0.034891486	0.28537378	0.0	1.621802	0.009451976	1840000.0	9994.308336019516
92	6.427676	3.2995753	12.22296	-1.2331553	30.05	39.219223	118.0	0.0	1000.0	53023.0	0.028506989247311827	0.91905177	1.7975055	66.99312	-9.090291	3.4736652	3.8275154	29.182028	-6.060954	0.18149182	-0.26638132	0.32793567	-0.43344775	3.125826	-2.577404	34.598083	-21.998259	1.6483426	0.03377962	0.051123254	0.0	1.5927579	0.009336885	1860000.0	10091.464570760727
93	4.905884	3.51964	9.547197	-3.1360793	27.4	41.61538	134.0	0.0	1000.0	53571.0	0.028495212765957446	0.60896707	0.70737636	15.670218	-4.080322	2.3356712	2.3246179	19.046217	-7.2612233	0.008638248	-0.07287155	0.02036643	-0.117231205	0.65596247	-0.25025374	25.346994	-13.650862	1.6821222	0.031746984	0.24022858	0.0	1.6027029	0.009547655	1880000.0	10187.749686002731
94	6.521479	3.8180654	13.3428135	-4.9351296	35.45	41.25588	143.0	0.0	1000.0	54280.0	0.02856842105263158	0.6276163	1.4283867	45.79497	-19.105589	3.1878781	2.90418	21.714605	-7.645064	-0.017241746	-0.064354345	-0.03901927	-0.101243824	2.1690106	-1.7246208	36.01567	-24.679855	1.7138692	0.032954216	0.27888393	0.0	1.5991577	0.009114316	1900000.0	10284.358293771744
95	6.505246	4.4589953	15.752356	-2.818398	24.85	33.753925	124.0	0.0	1000.0	54777.0	0.0285296875	0.61073095	0.86140853	34.69455	-7.956364	3.0897875	2.4344184	24.37773	-4.7488265	-0.0099496385	-0.066089794	-0.012744164	-0.09357182	0.86873126	-0.42177525	28.294552	-15.076683	1.7468234	0.029960155	0.36559042	0.0	1.5988696	0.009233256	1920000.0	10381.700683116913
96	11.602946	21.904747	105.71472	-0.3575724	36.25	47.894547	163.0	0.0	1000.0	55502.0	0.028609278350515462	0.6463565	1.8089898	59.40997	-20.724136	2.4468036	2.2775145	16.101898	-6.3714743	0.036710516	-0.038222164	0.050585568	-0.05731851	16.903553	-12.45109	40.22019	-20.643597	1.7767836	0.031685233	0.49617556	0.0	1.6004217	0.009176087	1940000.0	10478.269782066345
97	6.0345545	3.3399038	10.484023	-1.6969131	28.7	36.786003	106.0	0.0	1000.0	56076.0	0.028610204081632652	0.8979133	1.1667072	42.502552	-6.6289682	3.8470008	2.8764799	19.161114	-6.294237	0.0806006	-0.26313275	0.14316761	-0.44305828	1.7131772	-1.3203491	29.813236	-16.156548	1.8084688	0.03034842	0.049303185	0.0	1.5969703	0.009498823	1960000.0	10574.460839033127
98	7.4465575	4.698552	18.285933	-2.0094488	36.2	41.98881	125.0	0.0	1000.0	56800.0	0.028686868686868688	0.6510744	0.60417664	3.9363046	-1.7397064	2.8605733	2.3572443	17.211546	-6.011919	-0.05597178	-0.0505666	-0.099521816	-0.07313891	0.6291179	-0.113173455	33.968216	-16.831606	1.8388172	0.032078266	0.29792532	0.0	1.5906143	0.009230872	1980000.0	10671.4095890522
99	6.4629073	4.178579	14.448831	-2.0253887	39.9	36.510136	101.0	0.0	1000.0	57598.0	0.028799	0.9145719	3.0280056	72.50656	-9.61823	3.7192426	2.9230917	20.991592	-5.2354126	0.30181098	-0.21036567	0.45271045	-0.32203123	9.251779	-8.798176	28.996586	-15.1009865	1.8708955	0.035040617	0.11379503	0.0	1.5578969	0.009183596	2000000.0	10768.534002542496
