Epoch	AverageEpRet	StdEpRet	MaxEpRet	MinEpRet	AverageTestEpRet	StdTestEpRet	MaxTestEpRet	MinTestEpRet	EpLen	TestEpLen	TotalEnvInteracts	AverageQVals	StdQVals	MaxQVals	MinQVals	LossPi	LossQ	Time
1	-294.90375	151.73935	-112.61779	-610.23224	-390.8283	211.18552	-26.211306	-760.35815	1000.0	1000.0	9999	4.064088	6.0558276	37.931683	-12.400332	-4.753174	0.23118639	249.47170996665955
2	-310.47955	199.96329	-29.124338	-605.54254	-211.2967	186.906	33.956867	-538.22314	1000.0	1000.0	19999	39.245552	16.37931	110.09722	-4.3387346	-40.92081	0.9707438	517.9975481033325
3	-323.15594	197.16261	-45.73396	-627.6544	-260.0543	267.47217	50.64563	-765.4485	1000.0	1000.0	29999	98.67307	27.253027	263.91846	43.834488	-101.42281	4.5889134	788.2027859687805
4	-202.7192	218.22742	81.59717	-592.40985	-375.90414	117.72311	-145.00427	-563.84973	1000.0	1000.0	39999	160.10466	26.524347	403.48956	82.211006	-162.9434	7.866156	1059.2074122428894
5	-262.24298	175.44485	51.335155	-604.3537	-309.28107	234.58203	-46.759014	-727.6324	1000.0	1000.0	49999	214.99474	30.387695	501.67075	122.23663	-218.53516	12.297581	1332.1226708889008
6	-151.65523	159.61104	-0.6296336	-517.5996	-284.08096	190.00331	-36.187428	-589.2794	1000.0	1000.0	59999	288.0368	51.783543	713.8418	165.95865	-293.25504	17.75071	1605.4111285209656
7	-222.44998	211.85196	29.5926	-534.60297	-193.66537	222.18909	74.36591	-532.5914	1000.0	1000.0	69999	456.83096	104.40526	1556.5527	234.38254	-466.4079	55.324387	1879.7320144176483
8	-239.47981	190.50183	92.47986	-515.101	-395.9617	187.40938	-85.998184	-713.6289	1000.0	1000.0	79999	832.4035	232.92137	2941.1958	360.17133	-850.9964	192.1091	2154.2527463436127
9	-243.34326	185.40242	67.1337	-546.4823	-464.98495	165.66249	-147.05904	-725.77094	1000.0	1000.0	89999	1551.2637	448.35046	5715.155	540.2098	-1586.412	559.1776	2428.9513630867004
10	-252.35347	202.7647	28.693392	-618.6453	-146.33272	203.01659	92.72995	-587.5397	1000.0	1000.0	99999	2751.0786	671.4416	6629.0723	1252.3687	-2804.2473	1130.5059	2704.8186440467834
11	-421.25922	234.87753	21.175451	-824.1506	-324.58234	271.40622	106.8758	-768.0162	1000.0	1000.0	109999	4292.287	962.4982	11039.863	1980.6685	-4373.1006	2557.1719	2980.0763092041016
12	-273.61514	226.724	-7.854479	-576.4443	-251.74954	203.09976	102.65205	-533.0446	1000.0	1000.0	119999	6249.3193	1135.0309	11203.298	2931.7808	-6341.7324	4384.6646	3256.249174118042
13	-352.18594	216.20294	-23.627853	-736.19806	-380.36115	143.83513	-177.99065	-673.6987	1000.0	1000.0	129999	7858.487	1055.552	15941.189	4725.9297	-7957.886	6653.5405	3537.37672662735
14	-302.4824	167.25073	-0.2910569	-501.48917	-316.75256	149.93059	-73.538284	-632.082	1000.0	1000.0	139999	8553.109	1344.0743	16564.973	4898.9165	-8682.216	6412.803	3815.193432331085
15	-258.5133	204.3077	19.952642	-668.8357	-223.74695	150.41766	95.552246	-426.72607	1000.0	1000.0	149999	12379.965	2117.6924	26783.584	6737.664	-12581.487	12437.808	4092.665034532547
16	-229.82515	217.887	90.55233	-563.38763	-242.20747	180.71426	76.65247	-614.2525	1000.0	1000.0	159999	15536.848	2173.6575	25873.305	9049.719	-15732.437	15963.488	4370.673917531967
17	-333.84964	172.78377	3.320192	-613.29974	-206.87915	153.26999	81.23376	-374.5436	1000.0	1000.0	169999	18406.406	2759.8196	28362.357	10709.654	-18685.42	19446.104	4648.512539625168
18	-339.63458	232.31172	24.253454	-608.5092	-436.577	290.9952	-170.09163	-1130.1284	1000.0	1000.0	179999	20840.1	2226.0786	29342.264	12239.147	-21039.338	19679.943	4926.510927438736
19	-382.64374	206.82979	-71.3083	-774.6104	-314.62006	230.04337	53.8313	-621.8983	1000.0	1000.0	189999	21562.514	2760.7993	32494.725	14219.289	-21838.262	25255.686	5204.4129157066345
20	-249.21077	147.77174	2.5224254	-440.8504	-326.60715	162.90988	-66.069725	-654.52466	1000.0	1000.0	199999	24062.63	3637.6702	43616.008	13674.569	-24382.986	30811.86	5482.058613538742
21	-339.71494	234.92256	51.54244	-677.34393	-410.9362	192.416	-23.361599	-754.4116	1000.0	1000.0	209999	34398.55	6421.4614	53579.645	15739.374	-34939.22	101036.78	5760.546450376511
22	-292.71588	172.47365	-58.970608	-534.2339	-426.9716	209.48726	-62.48936	-722.4735	1000.0	1000.0	219999	33353.68	3415.9233	49362.24	22701.195	-33610.223	60782.867	6038.4549951553345
23	-301.20575	273.3135	-68.352585	-1010.21436	-328.2738	184.38786	30.937128	-544.7022	1000.0	1000.0	229999	37295.082	5543.602	55284.887	23053.58	-37789.227	91116.37	6317.025873661041
24	-395.31967	216.07228	-93.044495	-744.2122	-318.69464	288.0666	-30.892054	-863.84766	1000.0	1000.0	239999	45065.53	9303.674	71675.164	25258.219	-45823.348	126762.625	6595.303298950195
25	-296.1775	118.239296	-75.43961	-484.0031	-304.58035	216.5537	-75.54243	-848.69965	1000.0	1000.0	249999	49467.453	8559.164	71216.37	19641.473	-49861.367	144498.1	6874.868806362152
26	-286.8117	154.40399	-28.766405	-555.5254	-352.13528	218.97522	80.44845	-708.22253	1000.0	1000.0	259999	43537.766	5417.2705	61062.832	21780.379	-43756.664	84759.62	7152.605920314789
27	-332.05377	138.20062	-122.16991	-570.3391	-264.76874	205.20334	25.356987	-573.3764	1000.0	1000.0	269999	34067.93	3679.2751	50427.88	19854.178	-34232.188	56832.42	7431.594312667847
28	-274.96198	91.77355	-185.63043	-426.16324	-260.81015	136.51134	-33.52056	-461.62466	1000.0	1000.0	279999	26979.492	3295.144	37822.715	15777.889	-27137.213	41004.965	7709.503314971924
29	-265.98407	215.66121	114.00449	-651.73	-292.2552	155.04765	-114.68088	-653.15765	1000.0	1000.0	289999	20433.62	2474.0212	28524.14	11467.541	-20525.2	26773.74	7987.9965608119965
30	-377.34967	244.21565	62.400093	-799.39545	-571.18176	342.632	11.504553	-1203.896	1000.0	1000.0	299999	17139.66	1686.9244	23897.822	10807.831	-17274.621	18961.865	8266.525043725967
31	-595.31665	314.96802	-82.83443	-1210.6508	-230.30801	193.08337	94.72784	-494.1739	1000.0	1000.0	309999	14843.435	1560.3234	21590.191	9023.668	-14935.21	16137.915	8545.925424575806
32	-252.17969	182.21628	-17.02072	-591.0616	-346.71463	205.33723	129.04613	-658.0819	1000.0	1000.0	319999	11272.352	1632.5712	21044.447	4725.665	-11304.007	12018.421	8826.98260307312
33	-316.30182	327.93512	123.225334	-830.86865	-379.35132	234.79095	-67.70011	-691.43225	1000.0	1000.0	329999	8251.351	1245.3835	17216.04	3636.1416	-8291.531	12489.448	9108.183508634567
34	-341.62646	225.37881	6.6551075	-790.5968	-409.54718	240.2697	-23.791779	-909.0714	1000.0	1000.0	339999	7363.9395	1218.781	16277.086	2294.1943	-7430.307	11426.9795	9390.261820077896
35	-269.8461	268.0921	112.44693	-687.4987	-374.47412	173.81927	-62.92742	-603.1101	1000.0	1000.0	349999	6398.4	1100.7169	14942.722	674.20715	-6433.8154	10322.358	9672.362298727036
36	-414.15228	169.06055	-92.8919	-638.2118	-242.90909	143.58308	-50.00615	-470.47482	1000.0	1000.0	359999	5667.9194	1291.2509	13603.124	-832.81067	-5733.7695	10058.333	9953.238344192505
37	-222.35147	161.85428	-15.084101	-504.91006	-423.93448	177.7172	-95.34394	-728.667	1000.0	1000.0	369999	6428.4517	1252.9291	11673.476	-654.1419	-6510.742	8545.161	10232.160355329514
38	-257.80542	122.37958	31.447773	-411.33392	-424.91107	190.54553	-74.184425	-761.5053	1000.0	1000.0	379999	6685.482	1053.2609	12858.011	1610.7345	-6740.718	8424.364	10511.26586508751
39	-547.7441	537.4687	-96.76627	-2011.9165	-1262.2156	567.8785	-480.92184	-2614.656	1000.0	1000.0	389999	7632.009	1481.955	12374.534	653.8245	-7735.3545	13243.588	10793.260435581207
40	-565.1695	397.30048	19.928305	-1249.9253	-302.71518	215.5368	40.213066	-673.15796	1000.0	1000.0	399999	6930.823	927.3839	13987.588	-31.6932	-6974.7935	11450.627	11074.755182027817
41	-348.60513	219.45842	45.052902	-805.0507	-225.09172	151.5338	49.98435	-509.24557	1000.0	1000.0	409999	6478.0576	1316.0042	11801.311	969.919	-6552.0596	12415.475	11354.240884542465
42	-389.13184	203.6823	-93.221664	-698.5648	-415.57095	174.28488	-195.0599	-701.9888	1000.0	1000.0	419999	6060.118	918.35565	9631.565	1594.8287	-6089.1953	5817.6304	11633.067317008972
43	-330.11182	215.71071	13.623034	-659.2527	-332.3729	232.8026	-51.299156	-672.4341	1000.0	1000.0	429999	4872.0737	859.7919	9121.588	1068.4863	-4918.3726	5741.526	11912.579176187515
44	-434.01538	201.76302	-86.111374	-785.43176	-430.7456	118.73007	-236.47821	-583.76416	1000.0	1000.0	439999	6912.5024	1720.0708	15143.632	1918.265	-7041.784	15679.36	12191.157706737518
45	-1787.2266	910.2974	-400.62268	-2853.2537	-515.8346	302.77222	-126.91556	-1250.3064	1000.0	1000.0	449999	7376.5806	1400.1049	14176.219	1232.3156	-7404.9023	15003.28	12471.94968342781
46	-247.82669	153.3781	-13.5304	-466.43304	-227.90536	168.63516	115.34568	-524.0127	1000.0	1000.0	459999	5397.551	1000.9823	10328.659	329.16974	-5437.156	12112.078	12752.07721877098
47	-345.15448	158.26651	-97.63616	-615.0659	-369.48352	289.10583	71.53614	-839.8337	1000.0	1000.0	469999	6008.452	3019.5994	19721.854	-8327.246	-6176.9336	44132.926	13030.167072534561
48	-419.7982	152.1458	-202.36006	-619.0358	-417.51407	257.18005	104.916695	-841.93274	1000.0	1000.0	479999	19543.479	7101.799	42004.723	418.9368	-20046.701	143149.1	13308.256570577621
49	-235.64291	120.33676	-68.96619	-433.1132	-229.30098	168.12549	94.303055	-603.7453	1000.0	1000.0	489999	24443.742	3342.7485	40143.72	2660.6055	-24582.682	87979.97	13586.988026380539
50	-216.77031	195.96873	54.956818	-556.25464	-393.08945	103.562546	-250.50159	-565.56915	1000.0	1000.0	499999	20249.584	3343.7903	35746.06	5606.75	-20436.283	69139.84	13866.095515966415
51	-263.83386	138.0242	-37.81769	-551.60095	-207.85112	242.35863	127.645195	-627.4738	1000.0	1000.0	509999	17596.15	7599.079	36982.54	-7925.178	-17695.629	152848.34	14144.513132095337
52	-307.0005	148.31433	-11.521744	-588.5846	-291.14117	145.93271	-127.465294	-565.11127	1000.0	1000.0	519999	8103.7495	9705.557	35513.426	-19314.465	-7894.004	163267.64	14423.686332941055
53	-251.99057	199.04958	92.03056	-575.21594	-269.33362	158.0847	-18.164791	-620.2779	1000.0	1000.0	529999	-859.22705	10453.348	31043.377	-29598.463	947.3867	184607.58	14703.06922030449
54	-213.82144	175.9922	80.52738	-606.8003	-295.1147	252.9706	-19.470621	-856.7226	1000.0	1000.0	539999	-11976.744	13140.848	20531.17	-62623.242	12602.481	222662.94	14982.826045751572
55	-361.78333	241.71773	102.7828	-619.428	-210.13725	195.57654	92.13001	-621.80145	1000.0	1000.0	549999	-48839.625	20152.514	4075.6133	-134996.7	50173.195	425533.62	15262.146817684174
56	-251.45915	182.94511	19.4922	-591.233	-310.72394	221.69952	63.048717	-664.12866	1000.0	1000.0	559999	-88160.84	19949.215	-30279.482	-188031.42	89945.36	916180.7	15540.82068681717
57	-257.98102	223.21262	102.58907	-689.96954	-273.9615	136.68074	-85.06208	-421.47086	1000.0	1000.0	569999	-151122.72	28624.037	-75855.625	-305724.16	154348.8	1791616.0	15819.840114831924
58	-275.75153	176.61554	33.524807	-628.69305	-254.62651	223.89917	112.31166	-658.63696	1000.0	1000.0	579999	-250027.23	44927.562	-124290.61	-463398.25	255108.4	4419716.5	16099.005725860596
59	-374.54022	188.49022	-37.42156	-730.27344	-355.5998	141.76389	-105.5829	-545.8806	1000.0	1000.0	589999	-414726.88	71347.695	-214267.36	-778656.75	423099.06	10551724.0	16378.377165317535
60	-256.69745	231.31049	123.335556	-583.8374	-378.32233	155.8613	-103.72779	-584.8822	1000.0	1000.0	599999	-623400.3	87875.03	-350898.72	-1133727.5	633802.94	20551952.0	16657.162428617477
61	-194.6614	225.82092	79.20972	-543.9997	-327.3412	168.89185	-104.94013	-653.2762	1000.0	1000.0	609999	-819937.56	111656.89	-466442.12	-1401080.6	831914.5	27636216.0	16936.21090197563
62	-356.6938	137.67973	-80.9334	-548.64465	-336.52524	229.41388	1.0255699	-842.56714	1000.0	1000.0	619999	-971978.9	110196.53	-583250.94	-1507730.9	984378.9	30278500.0	17215.390888929367
63	-297.52457	263.30905	86.86969	-681.606	-305.42593	187.91559	-91.03006	-612.5637	1000.0	1000.0	629999	-1143109.9	140573.1	-685979.25	-1750010.6	1160138.9	45922696.0	17494.87103819847
64	-182.3529	250.37846	127.70911	-589.24695	-297.59222	256.5748	45.846603	-694.8908	1000.0	1000.0	639999	-1541588.5	207043.3	-837274.9	-2417078.0	1566946.9	73066780.0	17774.951617240906
65	-321.45517	197.68373	-75.31901	-633.6478	-257.37393	188.14763	92.0199	-511.1589	1000.0	1000.0	649999	-1985714.0	209249.19	-1292240.0	-3386124.2	2013079.4	106160350.0	18055.56800031662
66	-281.01678	212.146	104.38153	-523.8016	-325.41693	184.30885	-66.35597	-589.48846	1000.0	1000.0	659999	-2108244.2	271715.7	-1272448.9	-3490000.5	2127224.8	109680820.0	18336.235747098923
67	-312.3502	263.3369	44.763905	-767.06854	-400.78638	279.93347	25.763403	-972.22986	1000.0	1000.0	669999	-1970948.5	262905.8	-1148944.1	-3331225.0	1988887.8	96219784.0	18616.160663843155
68	-244.88928	268.45258	108.82484	-652.8855	-480.83112	179.03606	-241.00348	-834.22076	1000.0	1000.0	679999	-1923920.4	166830.1	-1177595.1	-2892542.5	1942981.9	89243576.0	18896.997175455093
69	-293.2459	187.45296	34.951603	-671.8339	-284.91547	191.32018	34.06654	-570.2513	1000.0	1000.0	689999	-1947490.5	191880.53	-1194514.8	-2916205.0	1969720.1	107979384.0	19177.637868642807
70	-314.69122	202.63545	47.119152	-568.5776	-326.76376	272.5002	99.82605	-684.0719	1000.0	1000.0	699999	-2435220.5	373598.28	-1350277.4	-3822053.5	2477520.8	159612690.0	19458.609861135483
71	-310.47333	164.75903	-17.928667	-519.1663	-248.8494	226.2528	99.382256	-680.64594	1000.0	1000.0	709999	-3325296.8	367793.84	-1830153.4	-4797644.5	3374791.0	227776130.0	19739.837750434875
72	-271.3426	227.88884	62.500126	-668.0418	-287.94736	254.4108	21.164356	-725.185	1000.0	1000.0	719999	-3889144.2	390571.38	-2565216.8	-5745873.5	3935925.0	316158300.0	20022.013391971588
73	-270.67584	198.60452	55.862755	-611.2677	-158.04518	237.16109	65.83187	-786.31934	1000.0	1000.0	729999	-4282973.5	496901.47	-2799660.8	-6192087.5	4334906.5	331618240.0	20303.836316108704
74	-207.61662	151.04237	91.93894	-458.2279	-331.86395	189.2726	-22.700096	-553.6192	1000.0	1000.0	739999	-4217400.5	675340.44	-2340941.0	-6347010.0	4243249.0	377369500.0	20585.557482242584
75	-254.87881	271.5696	86.93747	-727.9252	-319.0531	156.76817	42.89253	-553.811	1000.0	1000.0	749999	-3101492.5	725027.94	-1572538.2	-5716588.0	3113207.0	349272960.0	20866.425537109375
76	-255.5418	127.049805	-14.778237	-466.4235	-450.8648	164.99232	-240.69447	-755.2035	1000.0	1000.0	759999	-2851444.5	360825.0	-1400877.2	-4326294.0	2888665.0	228221020.0	21146.519830942154
77	-297.96893	207.6106	-3.2724466	-613.99524	-312.92157	234.64961	11.612442	-679.5324	1000.0	1000.0	769999	-3423537.5	335969.78	-1665000.4	-4919750.0	3467801.8	190654340.0	21427.2251226902
78	-348.46982	231.3785	-23.986677	-752.2192	-273.78436	246.37416	35.1692	-661.8924	1000.0	1000.0	779999	-3521026.2	342659.03	-2336825.2	-5102807.0	3551328.8	182049710.0	21708.590421676636
79	-295.54462	205.22948	-21.170057	-720.7788	-225.98947	174.27095	54.25576	-603.7836	1000.0	1000.0	789999	-3360101.5	343416.66	-2086073.5	-4802239.0	3397372.2	173151250.0	21990.632434606552
80	-325.97223	270.8418	126.065796	-645.6125	-222.25127	176.86443	53.32792	-487.1763	1000.0	1000.0	799999	-3673333.2	386075.75	-2084545.8	-4783537.5	3714684.5	155754610.0	22271.019523382187
81	-418.74155	145.81886	-95.95982	-649.2957	-354.53387	172.67035	-78.14231	-569.2143	1000.0	1000.0	809999	-3407341.5	480712.06	-1738083.6	-4819773.5	3425561.5	178018160.0	22551.777245759964
82	-321.8947	202.82045	4.948405	-575.1085	-335.052	183.60614	-68.4551	-607.97253	1000.0	1000.0	819999	-2419264.8	517784.53	-1272209.9	-4173414.2	2424204.5	159588060.0	22832.4609913826
83	-256.19336	155.498	-48.188248	-463.4403	-391.0274	176.16792	-88.79796	-656.8527	1000.0	1000.0	829999	-1676925.2	339388.7	-902458.25	-3232680.8	1683407.9	82970620.0	23113.514387607574
84	-218.6794	261.19647	122.290306	-613.0341	-363.0324	168.38963	-101.15187	-602.314	1000.0	1000.0	839999	-1340250.1	222278.14	-731075.56	-2558785.2	1349428.4	44951744.0	23394.108430624008
85	-340.2223	133.1551	-155.54587	-498.3071	-241.35457	213.45969	-1.9726796	-673.9115	1000.0	1000.0	849999	-1215737.4	161650.03	-684092.3	-2249567.2	1226404.6	31832198.0	23675.69247174263
86	-291.49185	214.41003	35.5116	-666.40625	-327.15567	261.1695	19.6802	-706.9793	1000.0	1000.0	859999	-1129635.8	131409.14	-638098.4	-2053484.2	1139716.2	26271812.0	23956.18373441696
87	-362.9046	135.21826	-93.05915	-517.5715	-373.6373	226.93835	-83.19979	-859.9415	1000.0	1000.0	869999	-1113138.0	119741.05	-656682.2	-1917903.4	1124002.9	22520336.0	24236.34882593155
88	-343.5507	169.80734	-26.425226	-618.67737	-388.81058	198.39491	-88.05512	-726.67737	1000.0	1000.0	879999	-1067459.9	129346.29	-711274.06	-1769639.2	1077138.5	20805226.0	24516.682822942734
89	-323.04553	213.01921	-1.7244614	-634.8934	-403.128	87.85328	-271.711	-555.6119	1000.0	1000.0	889999	-1025659.06	134731.67	-684960.2	-1667786.9	1035051.3	18473536.0	24797.126283168793
90	-303.39575	312.74777	127.72957	-842.2052	-194.59415	227.83504	64.78565	-660.2735	1000.0	1000.0	899999	-909839.9	139275.56	-472731.84	-1590435.6	915071.2	14866285.0	25078.936914920807
91	-363.42993	255.84512	52.44949	-842.76324	-253.70163	220.38658	66.86039	-611.7751	1000.0	1000.0	909999	-687759.44	123654.85	-282325.3	-1296901.1	690305.25	12387146.0	25360.574391126633
92	-337.15527	259.10114	126.10834	-693.4503	-391.59827	204.66248	92.1578	-561.5533	1000.0	1000.0	919999	-471849.53	101090.42	-118329.1	-1001387.75	472226.47	10995410.0	25640.69513273239
93	-283.36804	236.10983	86.22272	-573.18256	-267.09375	192.55128	65.43911	-549.336	1000.0	1000.0	929999	-298794.12	69223.234	-72032.63	-705185.06	299151.03	10362493.0	25921.076561689377
94	-331.84378	229.8005	95.34062	-703.79987	-353.3391	127.22879	-130.87582	-544.82184	1000.0	1000.0	939999	-188103.14	56042.367	-17511.479	-546921.3	188273.95	7453550.0	26201.023657798767
95	-334.2116	169.11794	-18.694115	-625.26843	-416.74594	177.83467	-2.629126	-723.0776	1000.0	1000.0	949999	-148307.58	47121.145	25007.295	-489170.9	149469.62	5717174.0	26480.662417173386
96	-155.15515	179.31906	102.69277	-366.7053	-219.39517	179.70009	62.954155	-581.3328	1000.0	1000.0	959999	-161777.97	48344.543	30712.04	-485504.88	164598.05	5081322.5	26762.067605495453
97	-327.52338	165.08487	91.9055	-493.34283	-246.46631	200.39635	94.83782	-478.1513	1000.0	1000.0	969999	-222121.03	39703.883	-14998.172	-494832.34	225383.69	4986632.0	27042.9032664299
98	-318.2201	183.44295	-69.61469	-669.5785	-248.85925	273.25656	112.249626	-785.56854	1000.0	1000.0	979999	-272077.72	35216.227	-90695.914	-515303.22	275624.44	4745813.5	27324.106205701828
99	-166.44917	198.30737	91.98713	-541.6812	-378.62897	188.55313	76.34139	-568.17944	1000.0	1000.0	989999	-278824.34	33353.008	-124163.305	-497026.7	280729.8	3969711.8	27604.3105802536
100	-279.6894	142.23293	-54.87603	-492.06833	-382.80493	225.38995	-91.53764	-805.9153	1000.0	1000.0	999999	-188895.1	40973.027	-33713.54	-429007.0	188848.64	3535856.5	27884.98375892639
