Epoch	AverageEpRet	StdEpRet	MaxEpRet	MinEpRet	AverageEpCost	StdEpCost	MaxEpCost	MinEpCost	EpLen	CumulativeCost	CostRate	AverageVVals	StdVVals	MaxVVals	MinVVals	AverageCostVVals	StdCostVVals	MaxCostVVals	MinCostVVals	LossPi	DeltaLossPi	SurrCost	DeltaSurrCost	LossV	DeltaLossV	LossVC	DeltaLossVC	Penalty	DeltaPenalty	Alpha	BacktrackIters	Entropy	KL	TotalEnvInteracts	Time
0	0.35434398	1.6490892	3.6225128	-2.1799176	1820.0	2409.5974	7690.0	0.0	1000.0	36400.0	1.82	0.72093445	0.45145553	1.9324421	-1.2030716	-0.4607712	0.2084244	0.5468674	-1.2489961	5.340576e-09	-0.01021264	2.9296876e-07	-0.028409375	0.78926855	-0.5885158	106990.11	-11759.25	0	0	1.9779956	0.0	1.837877	0.00904243	20000.0	248.35770773887634
1	-0.017403787	1.7827475	2.6673074	-3.854523	835.0	1424.5542	4850.0	0.0	1000.0	53100.0	1.3275	0.12562846	0.16136461	1.2321942	-0.38012674	39.66007	1.1330389	39.825455	4.694153	2.2888185e-09	-0.009710333	-2.34375e-06	-0.028266797	0.20184748	-0.03285016	29658.637	-656.94336	0	0	2.0489218	0.0	1.8464208	0.0090745855	40000.0	495.9284403324127
2	0.46936616	1.1097804	2.748464	-1.7154996	1234.0	2129.637	8370.0	0.0	1000.0	77780.0	1.2963333333333333	0.018765574	0.20172022	1.4983611	-0.52366275	48.44775	1.4296349	48.630753	4.5788	7.629395e-09	-0.010547108	-4.6875e-06	0.1703	0.16394953	-0.020751253	59400.87	-1583.8086	0	0	1.9012839	0.0	1.8228096	0.008404355	60000.0	746.0458493232727
3	0.26379594	2.0370972	6.1712346	-2.3415236	1259.5	2146.5823	7260.0	0.0	1000.0	102970.0	1.287125	0.061997484	0.23231795	1.3720126	-0.35737544	61.946583	1.4327049	62.073643	-12.487469	-1.373291e-08	-0.009505233	-2.734375e-06	0.1420168	0.21347658	-0.023636118	59166.74	-1364.9609	0	0	2.0312274	0.0	1.8311595	0.009063585	80000.0	991.5389838218689
4	-0.38336554	1.4292237	1.4017662	-3.3383455	720.5	1208.53	3730.0	0.0	1000.0	117380.0	1.1738	-0.018204255	0.17902298	0.9351126	-0.51180536	75.44006	1.9709417	75.5678	-65.07914	1.0681152e-08	-0.009569926	-2.1484375e-06	0.016527832	0.1745095	-0.03571768	23812.8	-18.94336	0	0	2.065255	0.0	1.8138587	0.008968575	100000.0	1237.5086691379547
5	-0.08133075	1.1874633	2.3494244	-1.9126586	276.0	682.88654	2780.0	0.0	1000.0	122900.0	1.0241666666666667	-0.012566744	0.31070346	2.6308198	-0.4477826	74.82012	3.0730164	75.099815	-64.86749	-1.0681152e-08	-0.009098556	1.171875e-06	0.08475234	0.2007136	-0.048432752	7999.4814	-961.0703	0	0	2.12442	0.0	1.7793932	0.009029384	120000.0	1484.9488792419434
6	-0.07154906	1.9862748	4.615741	-3.2412362	1159.5	1867.9681	6180.0	0.0	1000.0	146090.0	1.0435	0.005219021	0.23599449	1.7593442	-0.63427836	58.067287	14.531497	64.109566	-60.09414	7.629395e-09	-0.010243522	3.90625e-07	-0.26760155	0.1892266	-0.040325135	64190.91	-1592.707	0	0	1.9136032	0.0	1.8016753	0.008827587	140000.0	1733.6108577251434
7	-0.033839602	1.4820665	2.5696557	-2.978653	647.0	1251.5034	4270.0	0.0	1000.0	159030.0	0.9939375	-0.014991454	0.3007109	1.4369181	-0.6089059	75.8088	1.805496	75.95347	-29.000698	1.5258789e-09	-0.010988519	-1.5625e-06	0.025858985	0.2013243	-0.04888609	19656.684	-56.958984	0	0	1.8498164	0.0	1.8372699	0.008652786	160000.0	1983.9047694206238
8	0.04581737	1.8738121	4.5330243	-3.6262038	316.5	1197.532	5490.0	0.0	1000.0	165360.0	0.9186666666666666	-0.0060293158	0.22070199	1.3337142	-0.45123553	73.52947	3.1200626	73.925644	-55.7809	-1.1825562e-08	-0.010655072	7.8125e-07	-0.051121484	0.20885259	-0.034420952	18965.703	-1725.8633	0	0	1.8811101	0.0	1.8450882	0.009120597	180000.0	2235.599008321762
9	0.44305357	1.4122286	3.0960195	-1.7526426	888.5	1349.5491	4800.0	0.0	1000.0	183130.0	0.91565	0.05647149	0.27772555	1.3652749	-0.73586	32.058327	12.400909	61.042458	-34.401978	-1.6021728e-08	-0.011473762	-1.953125e-06	0.08877695	0.18359965	-0.05373247	35776.133	-2345.1562	0	0	1.7325963	0.0	1.8317845	0.008973841	200000.0	2481.921140432358
10	0.6548227	1.3371805	3.276516	-1.4328923	440.0	1058.5934	3790.0	0.0	1000.0	191930.0	0.8724090909090909	0.017268112	0.26319852	1.5184348	-0.50547457	70.255684	4.7274637	74.16106	-25.406452	3.0517577e-09	-0.010096728	7.8125e-07	-0.016076561	0.1633425	-0.029027387	15758.349	-668.75684	0	0	2.0060148	0.0	1.8650752	0.008631316	220000.0	2729.8274981975555
11	0.34137687	1.6145985	3.520072	-3.892528	323.5	981.9331	3950.0	0.0	1000.0	198400.0	0.8266666666666667	0.06496935	0.3007987	1.4243554	-0.5897454	52.336964	8.166448	70.67052	-56.845608	9.155274e-09	-0.010894534	7.8125e-07	-0.017493358	0.18850376	-0.033260807	13936.432	-586.9785	0	0	1.7631372	0.0	1.8607833	0.008879733	240000.0	2978.7315905094147
12	5.460538	23.102516	105.96198	-2.7295885	441.5	929.28613	3550.0	0.0	1000.0	207230.0	0.7970384615384616	0.03194261	0.26452196	1.3691216	-0.56111145	28.592115	13.9089	68.11107	-59.74963	-3.2043456e-08	-0.023190731	-3.90625e-07	-0.045484178	25.765493	-16.414917	11633.64	-484.14844	0	0	1.1310135	0.0	1.8364577	0.00706024	260000.0	3230.0320143699646
13	0.104044005	1.2524257	2.5992844	-2.2423937	1132.5	1723.8964	4800.0	0.0	1000.0	229880.0	0.821	-0.13233899	1.3400105	26.210571	-12.687047	40.942657	7.5215383	68.473976	-19.519592	3.8146974e-09	-0.012612774	1.5625e-06	0.11101465	2.6535835	-1.7605913	49151.547	-4088.2812	0	0	1.6089847	0.0	1.8118521	0.008760316	280000.0	3481.871571779251
14	0.36833256	1.5110275	3.7729554	-2.623219	292.5	991.5839	4570.0	0.0	1000.0	235730.0	0.7857666666666666	0.08947816	0.36845762	4.7618346	-3.3157096	80.7543	9.9786005	85.97618	-61.38232	-4.577637e-09	-0.012348046	7.8125e-07	-0.042932034	0.22534937	-0.073271245	14242.972	-2868.2715	0	0	1.6016915	0.0	1.8245443	0.008433505	300000.0	3733.086629152298
15	0.98370206	1.4534631	3.4158862	-1.335757	395.0	1242.419	5270.0	0.0	1000.0	243630.0	0.76134375	0.030041214	0.26945162	11.094577	-2.971103	26.784813	20.127892	80.106255	-42.548218	0.0	-0.011168006	-3.90625e-07	0.04841719	0.18520892	-0.058639303	16560.035	-512.3115	0	0	1.8338276	0.0	1.8200223	0.009184138	320000.0	3981.742482662201
16	0.24732347	2.3681304	4.800353	-6.2502537	461.0	1369.3134	5940.0	0.0	1000.0	252850.0	0.7436764705882353	0.08498026	0.35832444	18.291616	-2.552294	42.512276	18.869026	68.42173	-48.664448	6.866455e-09	-0.010295779	-1.3671875e-06	0.02445918	0.2787353	-0.08367878	21371.586	-404.0332	0	0	1.8981783	0.0	1.8268228	0.008779439	340000.0	4231.524329423904
17	5.223796	23.50007	107.27138	-4.5060763	1360.0	2190.4382	6570.0	0.0	1000.0	280050.0	0.7779166666666667	0.02934693	0.2718213	2.5310738	-4.1786957	45.9218	19.767675	70.37247	-62.814053	3.0517577e-09	-0.010838803	3.90625e-07	0.034860548	25.793211	-13.078185	76003.42	-5722.6484	0	0	2.110884	0.0	1.8574009	0.008461247	360000.0	4482.030621290207
18	0.6433583	2.1030407	3.2919598	-4.47205	489.5	1294.884	4730.0	0.0	1000.0	289840.0	0.7627368421052632	0.31551188	1.3863357	25.030132	-21.597363	92.67005	12.945969	102.849976	-76.55456	6.1035155e-09	-0.01234328	5.859375e-07	-0.05096836	2.1900263	-1.9179221	23803.535	-2378.629	0	0	1.5255404	0.0	1.8313482	0.009911715	380000.0	4733.449005126953
19	0.5948132	2.092572	4.94047	-3.3855708	488.5	836.85284	2840.0	0.0	1000.0	299610.0	0.749025	0.046077937	0.26849133	7.979781	-6.1423454	55.013	27.760828	95.70068	-65.16589	1.5258789e-09	-0.011138028	-2.4414064e-07	0.08656567	0.26108187	-0.05669035	15531.91	-1455.958	0	0	1.7313792	0.0	1.8209511	0.008947843	400000.0	4987.030646562576
20	1.0414906	1.4916818	3.997118	-1.478332	993.0	1786.9445	6480.0	0.0	1000.0	319470.0	0.7606428571428572	0.06548336	0.2941797	2.7659748	-5.958174	50.502094	6.3778186	91.68085	-19.526815	-9.155274e-09	-0.010595728	1.171875e-06	-0.103418164	0.24396506	-0.05027719	40998.16	-2893.7188	0	0	1.8326613	0.0	1.7991421	0.008605888	420000.0	5239.454784631729
21	0.9614787	1.869754	3.746984	-3.604123	327.0	649.82385	2230.0	0.0	1000.0	326010.0	0.7409318181818182	0.11387952	0.32963085	12.625631	-3.8785777	82.96984	20.022493	114.80597	-93.342545	-3.8146974e-09	-0.010594286	0.0	-0.044567578	0.2464397	-0.053637907	10510.556	-3113.5205	0	0	1.7877533	0.0	1.8122902	0.009029182	440000.0	5486.781331062317
22	-0.697454	1.988949	3.5519261	-4.465959	733.0	1323.7751	4470.0	0.0	1000.0	340670.0	0.7405869565217391	0.13082075	0.28217354	4.5581417	-4.343768	39.455074	19.17441	109.87134	-56.208916	-2.2888184e-08	-0.011180724	3.90625e-07	-0.02913379	0.26665565	-0.08535762	29267.828	-1959.5078	0	0	1.7736697	0.0	1.8136787	0.009121945	460000.0	5736.322991371155
23	5.053732	22.852875	104.380394	-3.116147	920.5	1524.7146	4680.0	0.0	1000.0	359080.0	0.7480833333333333	-0.00016943512	0.68541515	38.76467	-1.68978	69.277054	20.955812	116.06758	-17.971766	3.0517577e-09	-0.012642816	-9.765625e-07	-0.023072267	22.573471	-15.107086	39013.875	-1731.7148	0	0	1.7547654	0.0	1.8158009	0.009651275	480000.0	5987.56233215332
24	6.8571014	23.29559	108.02294	-2.1508012	820.0	1704.1273	5950.0	0.0	1000.0	375480.0	0.75096	0.46273017	1.9950184	55.907646	-4.307973	73.7214	27.578907	125.569214	-13.597602	-7.629395e-09	-0.011871544	-1.5625e-06	-0.19591406	23.717121	-10.93452	35108.414	-1364.3555	0	0	1.767618	0.0	1.7832112	0.009052131	500000.0	6239.759712457657
25	0.87134284	2.118692	3.7103581	-4.3898554	676.0	1994.4105	9030.0	0.0	1000.0	389000.0	0.7480769230769231	0.47341332	0.7932055	20.398819	-5.052466	69.785904	27.157955	135.059	-38.206818	-1.2397766e-08	-0.01025522	0.0	-0.055971876	1.0137019	-0.72164494	48490.12	-2275.504	0	0	1.7881023	0.0	1.784275	0.009247778	520000.0	6494.610627174377
26	6.3085184	22.900192	105.84165	-1.4621226	1319.5	2047.7755	7390.0	0.0	1000.0	415390.0	0.7692407407407408	0.31824487	1.9974252	68.84638	-9.981019	68.43746	32.451885	138.2819	-95.71067	3.0517577e-09	-0.012050372	7.8125e-07	-0.08789297	17.39954	-11.222811	59232.5	-5208.793	0	0	1.3737793	0.0	1.7843473	0.008535165	540000.0	6744.093348503113
27	-0.03016299	1.4537418	4.2396717	-2.3221092	168.5	734.47437	3370.0	0.0	1000.0	418760.0	0.7477857142857143	0.54671836	2.7156289	71.35553	-13.105197	97.892426	49.116123	157.69499	-79.3009	1.5258789e-09	-0.016500695	8.7890623e-07	-0.0779793	7.544495	-7.3272834	14130.141	-6913.0405	0	0	1.0619086	0.0	1.799207	0.008372697	560000.0	6992.294568300247
28	1.2481694	1.4037577	4.252791	-1.5467647	260.5	474.97864	1760.0	0.0	1000.0	423970.0	0.7309827586206896	0.052212548	0.200644	1.5467825	-3.2838976	25.717829	19.258144	158.9369	-54.987724	7.4386595e-09	-0.011143289	-5.859375e-07	-0.0199	0.23104037	-0.04429008	5217.6494	-478.2456	0	0	1.8099402	0.0	1.7872671	0.009140351	580000.0	7242.246193885803
29	0.9988842	1.8460732	5.281928	-2.4966366	938.0	1638.2081	5270.0	0.0	1000.0	442730.0	0.7378833333333333	0.077685416	0.21939798	1.1842088	-8.520746	24.454447	23.149664	139.67564	-49.79534	8.535385e-09	-0.0105726095	-7.8125e-07	0.018935937	0.25057596	-0.027148962	40185.434	-6128.3125	0	0	1.8362981	0.0	1.8071642	0.008911444	600000.0	7493.637985944748
30	0.6352171	1.824148	3.7087944	-2.4643552	172.0	544.0276	2500.0	0.0	1000.0	446170.0	0.7196290322580645	0.07205044	0.21169437	1.4661087	-1.8890642	78.760994	23.807707	167.63577	-11.819774	4.577637e-09	-0.010489567	-7.8125e-07	0.031217381	0.20804663	-0.018480197	8929.732	-3242.7578	0	0	1.8828872	0.0	1.7841499	0.0093390355	620000.0	7745.539499044418
31	1.6364578	2.1981027	6.497892	-1.635497	853.0	2252.714	10260.0	0.0	1000.0	463230.0	0.723796875	0.061316364	0.26139522	1.5825604	-3.0398443	35.894695	17.05819	160.74472	-32.98447	-6.866455e-09	-0.010490771	-1.953125e-06	-0.05702305	0.22668682	-0.036122084	54922.715	-5022.2812	0	0	1.9180243	0.0	1.7889156	0.009063858	640000.0	7999.247897386551
32	1.7496281	2.6568859	6.0250087	-3.5149412	1076.5	1952.6708	6080.0	0.0	1000.0	484760.0	0.7344848484848485	0.19358641	0.29091492	1.5366514	-12.749027	78.370384	36.50649	168.49956	-7.3088326	4.577637e-09	-0.034575887	5.859375e-07	0.11323301	0.25259784	-0.029434875	46971.91	-2528.8008	0	0	1.2910188	0.0	1.7846782	0.009221299	660000.0	8247.138546943665
33	5.1224046	23.258348	106.228615	-5.820765	1150.0	1722.083	4790.0	0.0	1000.0	507760.0	0.7467058823529412	0.19417539	0.26539394	1.8967204	-1.228436	88.33243	36.53434	178.9451	-64.62597	0.0	-0.011036517	-7.8125e-07	0.0719	25.464235	-10.213083	44366.28	-2537.5117	0	0	1.6477511	0.0	1.8150065	0.0088476185	680000.0	8496.087642908096
34	1.5224226	1.8453506	5.027999	-1.9880608	491.0	1065.4946	4720.0	0.0	1000.0	517580.0	0.7394	0.52972984	1.7295165	25.660782	-1.2357864	107.24895	40.24545	185.47224	-165.67114	-1.2207031e-08	-0.012562119	1.171875e-06	-0.00077656255	3.0023382	-2.7728212	18995.516	-3888.9062	0	0	1.259752	0.0	1.7983758	0.008436494	700000.0	8746.403071403503
35	5.999961	23.183264	106.561615	-2.7888923	596.5	1127.2456	4560.0	0.0	1000.0	529510.0	0.7354305555555556	0.16972446	0.9025154	65.31096	-1.1229526	54.9442	23.550438	182.3546	-49.163864	9.155274e-09	-0.072100066	5.859375e-07	0.03329873	22.253824	-16.163067	18822.15	-903.57227	0	0	1.0411158	0.0	1.7855229	0.008111715	720000.0	8998.28464269638
36	17.077581	37.223953	107.53654	-2.5969381	952.0	1702.5352	5870.0	0.0	1000.0	548550.0	0.7412837837837838	1.3382711	6.8210945	83.40012	-1.8240011	52.45247	31.847076	184.2818	-32.064182	-6.1035155e-09	-0.011305578	5.859375e-07	-0.17012675	40.651688	-23.63856	39554.38	-2933.707	0	0	1.6562449	0.0	1.7980032	0.008839492	740000.0	9251.360254764557
37	11.903763	31.86725	109.51736	-4.1611505	612.0	1182.0981	4070.0	0.0	1000.0	560790.0	0.7378815789473684	1.402322	6.0949945	86.79552	-2.6064355	89.11399	40.63128	192.48257	-13.613792	-7.247925e-09	-0.013684832	-1.7578125e-06	0.018198242	24.795052	-12.739222	21384.857	-1835.2402	0	0	1.4990227	0.0	1.8004739	0.008246231	760000.0	9504.565623521805
38	23.32171	42.5917	113.54648	-0.7361696	632.0	1227.5203	3750.0	0.0	1000.0	573430.0	0.7351666666666666	1.3890972	5.697289	88.64171	-11.794015	63.45699	23.36375	190.53941	-38.177376	0.0	-0.013812	1.953125e-07	-0.03755957	64.58001	-30.188736	23430.447	-595.459	0	0	1.4657634	0.0	1.7958349	0.008581243	780000.0	9752.55586719513
39	6.9621825	23.387049	107.82723	-4.6395764	604.0	1063.7734	3690.0	0.0	1000.0	585510.0	0.7318875	1.7677939	5.30662	89.72567	-6.2274857	61.36562	21.770117	194.16953	-57.756065	-8.010864e-09	-0.011157983	-1.953125e-07	0.010191602	28.896015	-21.829235	17443.168	-531.6582	0	0	1.4956403	0.0	1.7673565	0.009091004	800000.0	10001.600291728973
40	5.675882	23.855104	109.00898	-4.6816716	536.5	1157.7533	3910.0	0.0	1000.0	596240.0	0.7271219512195122	0.89560264	5.1177745	91.04773	-1.7809607	63.73553	25.396536	195.59816	12.926236	-8.392334e-09	-0.012635588	0.0	-0.0766793	19.62685	-13.2303	15102.631	-742.7344	0	0	1.5532613	0.0	1.7504092	0.008782525	820000.0	10252.840152740479
41	31.989721	49.045315	108.75894	-6.715398	690.0	1496.4692	5760.0	0.0	1000.0	610040.0	0.7262380952380952	1.7379955	8.706592	91.61164	-2.4089832	49.534527	31.69429	197.89293	-87.70312	-9.155274e-09	-0.014510348	0.0	-0.0009992188	67.031265	-30.570198	35833.418	-2111.832	0	0	1.205643	0.0	1.7252245	0.009183073	840000.0	10505.523012399673
42	18.239855	37.688076	109.050125	-1.5087247	772.5	1556.7494	5180.0	0.0	1000.0	625490.0	0.7273139534883721	2.3987136	8.244018	93.512	-4.1857243	61.63955	41.342766	205.92215	-48.56312	-1.5258789e-09	-0.012245283	0.0	0.07603242	35.777138	-19.486725	34352.98	-1657.6016	0	0	1.7025048	0.0	1.7411492	0.0092392415	860000.0	10758.667739152908
43	11.79751	32.45187	112.74101	-6.4100456	1105.5	1523.5304	4960.0	0.0	1000.0	647600.0	0.735909090909091	1.4718059	4.5619273	93.5465	-1.1055734	76.27572	50.263237	214.06364	-99.646706	3.0517577e-09	-0.014506793	7.8125e-07	0.07514258	33.029408	-9.339958	36893.746	-3067.1484	0	0	1.4385107	0.0	1.7439116	0.009024715	880000.0	11011.23075580597
44	42.842552	70.59771	212.54012	-4.951088	953.5	1668.2574	5880.0	0.0	1000.0	666670.0	0.7407444444444444	1.627357	6.8865414	96.161224	-4.3229322	99.23494	50.599735	224.11287	-15.17626	1.0681152e-08	-0.013991763	0.0	0.024478808	120.6139	-70.39258	36421.65	-3814.3906	0	0	1.4543749	0.0	1.7581646	0.0090118805	900000.0	11259.326934576035
45	12.129978	32.51476	109.13958	-4.4210725	594.5	986.09064	3690.0	0.0	1000.0	678560.0	0.7375652173913043	3.142454	8.392562	98.515915	-2.8530495	85.674736	43.538754	232.70808	-25.008	-1.1062622e-08	-0.012642111	1.953125e-07	-0.1115624	40.485706	-27.846743	18537.182	-2852.0488	0	0	1.3895249	0.0	1.7541955	0.008859121	920000.0	11509.438425779343
46	23.482672	44.336353	117.8414	-5.8974595	616.0	1257.8171	4420.0	0.0	1000.0	690880.0	0.7349787234042553	1.5213938	6.092349	98.321915	-8.232096	55.67766	28.750095	235.7835	-40.90896	6.1035155e-09	-0.014697933	2.734375e-06	-0.019575782	59.540386	-27.001541	29364.506	-1809.1973	0	0	1.4353359	0.0	1.7449436	0.008795538	940000.0	11759.767759799957
47	39.76869	60.22117	214.77544	-0.6575112	1088.5	1776.7477	6280.0	0.0	1000.0	712650.0	0.74234375	3.2162094	10.253436	96.91621	-11.980425	59.157623	33.79421	241.8841	-3.2256286	3.0517577e-09	-0.014779691	-9.765625e-08	-0.046838965	62.37411	-24.973122	48653.258	-4394.535	0	0	1.4901518	0.0	1.7463751	0.009133055	960000.0	12011.734716176987
48	16.497986	51.318287	213.41603	-6.4380918	777.0	1127.6217	3630.0	0.0	1000.0	728190.0	0.7430510204081633	2.534429	5.5896854	96.46298	-3.7542822	96.306	28.261261	248.1048	-20.064875	-7.629395e-09	-0.015937774	-2.34375e-06	-0.09787265	44.30094	-34.123066	19090.697	-2257.6816	0	0	1.2617307	0.0	1.7486372	0.008657521	980000.0	12266.066668748856
49	33.84356	48.52017	109.13087	-1.7561282	944.5	1763.4865	6460.0	0.0	1000.0	747080.0	0.74708	2.8102794	11.356442	96.53315	-3.565648	71.44422	27.892132	251.8734	-26.803759	5.722046e-10	-0.0155371195	2.34375e-06	0.1364375	85.411476	-54.76098	36057.188	-3245.75	0	0	1.2492126	0.0	1.7423236	0.009290579	1000000.0	12519.73339676857
50	38.62332	84.08678	318.86325	-1.9162136	387.0	760.69116	2390.0	0.0	1000.0	754820.0	0.7400196078431373	3.1518328	11.258378	95.97697	-6.730239	84.449814	40.999012	260.93887	-107.03294	-6.1035155e-09	-0.011645065	-9.765625e-08	-0.049393263	95.28863	-39.39221	13095.301	-2679.9473	0	0	1.6592023	0.0	1.7769474	0.0090821395	1020000.0	12769.369900226593
51	13.106512	32.989384	113.43271	-5.3077435	503.5	889.3833	3540.0	0.0	1000.0	764890.0	0.7354711538461538	2.6251996	6.408388	97.5716	-2.8308728	46.04032	28.405416	249.41843	-70.73273	0.0	-0.012180371	-9.765625e-07	-0.07350547	32.13629	-14.7754	13211.656	-1082.4336	0	0	1.5433246	0.0	1.7616274	0.009069373	1040000.0	13018.740776062012
52	29.711237	58.035404	216.26445	-5.33514	1020.5	1557.8782	4860.0	0.0	1000.0	785300.0	0.7408490566037735	2.4299343	9.273935	96.55299	-3.128905	45.792595	28.399525	253.47035	-40.64549	1.525879e-08	-0.01189176	-2.34375e-06	-0.072014056	58.043255	-24.2737	37477.62	-6312.2266	0	0	1.5681671	0.0	1.7581306	0.009213422	1060000.0	13269.788451910019
53	38.341988	50.92899	111.59136	-5.3048887	890.5	1374.3307	4910.0	0.0	1000.0	803110.0	0.7436203703703703	3.5079184	12.019478	98.230484	-3.611941	103.04488	47.25704	266.871	-43.417854	-7.629395e-09	-0.013388689	-1.2695313e-06	-0.0026282226	73.241714	-32.109394	26533.03	-1997.1758	0	0	1.6317415	0.0	1.735045	0.009284452	1080000.0	13522.047453165054
54	45.01716	71.26111	219.29385	-3.630522	742.0	1153.974	3500.0	0.0	1000.0	817950.0	0.7435909090909091	3.8790367	9.842144	97.079	-9.434315	86.90437	37.293446	269.9338	-38.70683	1.9073486e-10	-0.011976238	-1.5625e-06	-0.026001757	88.13919	-41.40453	22241.67	-1943.5352	0	0	1.6291536	0.0	1.7464769	0.008917604	1100000.0	13774.384726047516
55	50.33612	72.22788	223.9713	-8.236683	348.0	819.19226	2820.0	0.0	1000.0	824910.0	0.7365267857142858	4.853573	12.648264	98.06154	-4.3057632	71.19089	27.253159	274.13644	-17.51091	-3.0517577e-09	-0.013292896	-2.9296876e-07	0.019895995	98.00776	-48.055817	12676.69	-2396.377	0	0	1.6153759	0.0	1.745282	0.009332653	1120000.0	14025.877099752426
56	54.58431	85.58748	317.79236	-4.066784	1037.0	1556.2747	5210.0	0.0	1000.0	845650.0	0.7417982456140351	4.7504745	13.291569	100.15093	-3.7168717	37.38572	30.401247	275.72607	-43.536953	-1.373291e-08	-0.011526019	-1.953125e-07	-0.10577266	76.903076	-38.17979	35865.707	-4944.705	0	0	1.6594723	0.0	1.7607275	0.009005005	1140000.0	14275.709613084793
57	28.75507	46.813892	111.84959	-5.0163407	1062.0	1564.8022	5260.0	0.0	1000.0	866890.0	0.7473189655172414	3.6497042	11.126197	109.605865	-6.195906	88.99145	42.187508	286.35986	-82.80349	-3.8146972e-10	-0.012720592	4.296875e-06	-0.13266093	45.617363	-24.002666	33242.59	-3076.6191	0	0	1.3085315	0.0	1.7387534	0.008971341	1160000.0	14526.679615974426
58	77.80577	162.59825	644.7079	-5.896323	791.5	1091.239	3550.0	0.0	1000.0	882720.0	0.7480677966101695	4.0482454	12.318974	100.62588	-7.0507183	98.58287	56.930126	294.51132	-30.139362	-6.1035155e-09	-0.013397149	2.9296876e-07	0.02973916	253.39473	-133.25214	25319.072	-2913.7832	0	0	1.469069	0.0	1.7286627	0.009823598	1180000.0	14778.660887002945
59	33.661007	59.818188	209.01587	-10.980849	570.0	808.746	3030.0	0.0	1000.0	894120.0	0.7451	6.0698166	14.739038	124.010544	-6.9325604	78.821915	31.79664	296.61487	1.8277158	1.5258789e-09	-0.011997851	5.859375e-07	-0.09861934	113.2123	-59.27304	15487.233	-2644.5586	0	0	1.5127641	0.0	1.7227299	0.009106225	1200000.0	15032.771631717682
60	34.57744	59.85399	217.2047	-5.4295464	565.0	756.77936	2830.0	0.0	1000.0	905420.0	0.7421475409836066	4.5735083	12.37539	112.75113	-5.7594976	57.484776	39.13894	295.77686	-26.591314	7.6293943e-10	-0.011740043	3.90625e-07	-0.014898437	78.26305	-38.766094	13060.33	-1767.8174	0	0	1.6557763	0.0	1.7202338	0.00913208	1220000.0	15288.841910123825
61	44.672817	96.90492	429.67978	-3.394516	971.5	1256.0386	4370.0	0.0	1000.0	924850.0	0.7458467741935484	3.3821511	10.422982	102.58399	-20.85994	58.78538	37.984932	296.65378	-70.0667	2.4414062e-08	-0.016615206	-1.3671875e-06	-0.04012168	105.49992	-58.11876	26029.14	-4604.7344	0	0	1.2286029	0.0	1.7137992	0.009434408	1240000.0	15538.606087446213
62	81.92847	131.05113	426.82648	-6.498011	886.5	1181.4325	4640.0	0.0	1000.0	942580.0	0.7480793650793651	6.654894	18.814663	120.957664	-13.104267	89.346375	56.794132	306.21353	-77.570244	0.0	-0.014188199	0.0	-0.07507852	180.92647	-75.08337	33359.105	-4424.084	0	0	1.3259346	0.0	1.7100499	0.00930799	1260000.0	15788.534064292908
63	112.27736	132.05037	433.34122	-3.5706463	1400.5	1904.7349	7070.0	0.0	1000.0	970590.0	0.7582734375	9.109327	19.45667	119.95229	-20.46062	89.42276	42.873566	309.33328	-75.122505	-3.0517577e-09	-0.012360635	3.125e-06	-0.27730313	202.09586	-85.546616	55727.14	-7440.961	0	0	1.486105	0.0	1.7062865	0.00896782	1280000.0	16040.702224254608
64	109.06498	182.918	744.81354	-7.080447	780.0	1500.6965	6430.0	0.0	1000.0	986190.0	0.7586076923076923	10.965176	21.26593	128.79022	-4.19785	116.2581	66.29696	327.85403	-94.5241	0.0	-0.016303852	-1.171875e-06	0.016219825	242.7772	-117.748856	38226.37	-9228.367	0	0	1.2817583	0.0	1.687213	0.009460938	1300000.0	16293.544380903244
65	83.15523	132.64728	547.0079	-6.313425	927.5	1144.7833	3480.0	0.0	1000.0	1004740.0	0.7611666666666667	8.801946	18.621954	130.36565	-7.1896076	70.91584	55.29152	268.11383	-32.789158	-1.6784668e-08	-0.012157064	9.765625e-07	0.073161915	200.26602	-91.33463	23316.18	-3124.629	0	0	1.5665331	0.0	1.663015	0.009216411	1320000.0	16547.98962545395
66	114.543015	130.04172	534.3363	-4.6752167	808.5	1115.2277	4220.0	0.0	1000.0	1020910.0	0.7618731343283582	9.606577	20.916552	131.73784	-8.587244	87.7841	56.33561	295.65067	-19.67008	-6.1035155e-09	-0.012751541	0.0	-0.056812108	201.15225	-103.06033	19403.521	-2831.4941	0	0	1.6011775	0.0	1.6475521	0.009452041	1340000.0	16802.7848508358
67	116.2087	151.14568	547.03143	-7.306907	706.5	927.5412	2850.0	0.0	1000.0	1035040.0	0.7610588235294118	11.05646	20.674828	119.96814	-7.515485	79.157776	62.149715	323.02902	-56.530006	1.5258789e-09	-0.012237938	-1.953125e-07	0.042663082	202.62003	-94.7816	15347.526	-3109.0967	0	0	1.6710967	0.0	1.6122053	0.009355602	1360000.0	17052.452401161194
68	56.476868	80.89874	222.97676	-9.461695	1108.5	1701.8204	7470.0	0.0	1000.0	1057210.0	0.7660942028985507	9.08907	15.092189	120.086365	-11.642808	76.92368	76.95	330.99823	-115.26939	-9.155274e-09	-0.012738979	-1.3671875e-06	0.021682128	117.58226	-71.07316	28918.207	-4905.8223	0	0	1.5932405	0.0	1.6128653	0.009417864	1380000.0	17303.477816581726
69	126.623215	102.51592	336.77902	-8.007207	793.5	1204.584	4330.0	0.0	1000.0	1073080.0	0.7664857142857143	9.387592	20.487358	119.35121	-7.535822	68.98187	51.42035	339.04477	-69.73136	1.0681152e-08	-0.012786369	1.5625e-06	-0.006138281	208.15158	-108.961075	25801.268	-4068.9805	0	0	1.5453701	0.0	1.6067305	0.009367873	1400000.0	17555.166626930237
70	93.00969	85.53294	219.39035	-5.0897584	1434.5	1531.5106	5070.0	0.0	1000.0	1101770.0	0.7758943661971831	9.136759	19.566837	127.52171	-13.241312	78.20449	53.023914	346.3189	-46.85171	-7.629395e-09	-0.012914304	1.3671875e-06	-0.036806054	146.02663	-82.29314	63912.168	-10607.32	0	0	1.5301425	0.0	1.5772622	0.009518807	1420000.0	17815.5159740448
71	78.46829	109.40374	433.27097	-6.466433	1091.0	1798.9631	7410.0	0.0	1000.0	1123590.0	0.7802708333333334	6.678519	16.099098	115.61921	-8.958032	143.14029	66.86174	354.17407	-38.127533	8.392334e-09	-0.013675962	1.953125e-06	0.008441992	131.98438	-70.18736	43050.637	-11422.055	0	0	1.5041692	0.0	1.5791321	0.009251541	1440000.0	18070.481099128723
72	112.40324	126.46986	439.1484	-4.698726	825.0	1018.67303	3040.0	0.0	1000.0	1140090.0	0.7808835616438357	10.686464	22.804592	127.51937	-8.597943	85.97172	74.73541	368.96973	-42.98472	3.0517577e-09	-0.013168498	-1.953125e-07	-0.05360254	218.9462	-117.720375	17409.754	-3920.1855	0	0	1.4379648	0.0	1.5793045	0.009531976	1460000.0	18324.720284938812
73	103.022606	89.68921	328.0053	-12.366173	1319.5	1666.4557	5940.0	0.0	1000.0	1166480.0	0.7881621621621622	10.56096	18.874111	126.01511	-15.429233	76.04305	74.235725	378.0059	-76.01398	1.373291e-08	-0.012520735	1.5625e-06	0.04597227	143.81168	-65.44444	51864.324	-10866.105	0	0	1.577208	0.0	1.5821083	0.0093456805	1480000.0	18574.80518579483
74	112.32532	96.31019	319.98154	-8.037489	1859.0	1884.213	7100.0	0.0	1000.0	1203660.0	0.80244	9.548242	18.798868	107.73803	-9.529647	113.36235	84.69171	410.62015	-76.97159	-6.1035155e-09	-0.012510183	-1.5625e-06	-0.0383875	160.33	-88.5617	91630.87	-15082.4375	0	0	1.6000768	0.0	1.5805959	0.009622144	1500000.0	18826.47510910034
75	107.66576	149.40294	549.8483	-12.048202	611.0	886.0186	2940.0	0.0	1000.0	1215880.0	0.799921052631579	10.137662	18.956251	110.44866	-12.520653	149.69142	68.894554	424.2123	-6.321506	-4.577637e-09	-0.016745472	-5.859375e-07	0.18170801	260.63477	-133.58673	22420.27	-9454.563	0	0	1.3221067	0.0	1.5758663	0.009315704	1520000.0	19080.01124072075
76	122.19481	95.77156	316.0406	-11.519427	1304.0	1515.7783	5100.0	0.0	1000.0	1241960.0	0.8064675324675324	12.072461	23.777294	143.87936	-13.487912	88.76051	77.18062	417.1227	-42.70567	6.1035155e-09	-0.012151024	1.5625e-06	0.068067186	250.0589	-132.52313	46109.406	-8232.617	0	0	1.6372937	0.0	1.5741224	0.009594304	1540000.0	19334.324541807175
77	116.73175	131.4715	439.08136	-18.596397	536.5	707.41974	2760.0	0.0	1000.0	1252690.0	0.8030064102564103	13.194497	22.778753	115.740974	-9.423185	118.459885	62.778893	425.7034	-106.464195	-9.155274e-09	-0.013031198	6.835937e-07	0.01303418	289.82184	-149.52614	18192.346	-6912.8623	0	0	1.4998436	0.0	1.5559819	0.009338694	1560000.0	19590.205679178238
78	158.76068	163.76244	639.8242	-2.8886662	643.5	828.2105	2750.0	0.0	1000.0	1265560.0	0.8009873417721519	13.029101	22.545313	133.84506	-11.529858	55.928295	57.602497	427.66318	-125.37789	-1.0681152e-08	-0.012688478	3.90625e-07	-0.13240136	329.2579	-178.27092	14655.494	-2376.166	0	0	1.6427573	0.0	1.5372994	0.009352916	1580000.0	19842.06971526146
79	87.9005	151.37238	659.6709	-19.452953	1175.0	1365.5455	5000.0	0.0	1000.0	1289060.0	0.8056625	11.002383	20.426376	135.78442	-12.707453	72.73315	70.84007	426.2218	-67.704605	0.0	-0.013650998	1.953125e-07	-0.05688818	194.67587	-111.90096	30115.91	-6070.5645	0	0	1.4164747	0.0	1.5423038	0.009598449	1600000.0	20095.575035572052
80	91.71109	100.85856	319.38675	-18.907263	983.0	1540.3379	5240.0	0.0	1000.0	1308720.0	0.8078518518518518	8.291459	19.476519	135.51694	-11.05087	95.68041	58.759583	436.0593	-68.139824	4.9591065e-09	-0.013298307	-9.765625e-07	-0.28292695	161.37325	-85.154305	48361.79	-6851.625	0	0	1.645436	0.0	1.5268118	0.009416172	1620000.0	20348.932834863663
81	109.044846	124.79464	535.9593	-13.198448	1148.0	1427.4054	4650.0	0.0	1000.0	1331680.0	0.812	10.898794	23.042767	124.69797	-12.151142	125.319176	84.58307	440.00464	-79.43692	1.2207031e-08	-0.012731736	3.515625e-06	-0.14885235	325.12225	-200.86847	38072.23	-6774.3496	0	0	1.552187	0.0	1.5453773	0.00932127	1640000.0	20602.164578914642
82	147.44827	128.34894	447.75745	-12.521286	965.5	1165.7379	3740.0	0.0	1000.0	1350990.0	0.8138493975903615	12.684492	25.395332	141.68578	-15.083195	104.92358	58.455826	442.43604	-43.71092	-6.1035155e-09	-0.013575359	7.8125e-07	0.05675547	233.85335	-119.75796	29285.57	-5626.035	0	0	1.5057174	0.0	1.5350767	0.0095395055	1660000.0	20857.969069242477
83	122.758835	126.54493	552.0812	-8.149923	884.0	1242.7084	4670.0	0.0	1000.0	1368670.0	0.8146845238095238	12.4550905	23.2437	132.58235	-12.857876	92.80611	57.47384	448.6411	-44.34076	-7.629395e-09	-0.012269103	0.0	-0.0033140625	235.8045	-134.4544	40163.547	-5916.672	0	0	1.5935057	0.0	1.5300789	0.00962396	1680000.0	21115.19305419922
84	122.40369	137.77264	438.35574	-13.728739	1299.0	1043.484	3070.0	0.0	1000.0	1394650.0	0.8203823529411765	10.653944	18.419025	128.80661	-12.027315	92.318985	57.696907	451.08154	-66.404816	3.0517577e-09	-0.012794127	1.171875e-06	-0.041549806	206.5458	-107.2627	38957.605	-7530.6934	0	0	1.5622089	0.0	1.5159801	0.009507756	1700000.0	21367.27584862709
85	149.98367	168.32008	649.84827	-11.542598	955.0	1226.9005	4710.0	0.0	1000.0	1413750.0	0.8219476744186046	12.994129	23.12116	122.30051	-14.553761	119.16586	73.25349	459.01703	-32.75047	9.155274e-09	-0.01588646	-1.7578125e-06	0.032364845	289.485	-145.45325	25959.9	-5951.4688	0	0	1.409253	0.0	1.5366094	0.009547487	1720000.0	21619.82016968727
86	114.057495	135.91914	442.02914	-8.319727	1227.0	952.429	3480.0	0.0	1000.0	1438290.0	0.8266034482758621	12.503705	21.627134	141.43602	-16.17147	108.36237	84.32972	470.68942	-42.90396	-1.2207031e-08	-0.012908335	-3.90625e-07	-0.10706367	201.01926	-119.42157	29330.336	-5596.1543	0	0	1.589087	0.0	1.5236602	0.009344762	1740000.0	21873.01028251648
87	123.79022	124.62334	348.6781	-11.808331	730.0	848.8404	2510.0	0.0	1000.0	1452890.0	0.8255056818181818	12.015351	23.857948	132.62614	-16.371824	117.68475	63.81614	475.34244	-3.7239988	-6.1035155e-09	-0.012791134	-7.8125e-07	-0.19828986	249.24205	-143.42322	17702.51	-6472.159	0	0	1.5819604	0.0	1.5406984	0.009700316	1760000.0	22126.924780845642
88	86.25138	99.93567	243.21312	-11.673666	1108.5	1221.623	3900.0	0.0	1000.0	1475060.0	0.8286853932584269	10.920405	20.622082	131.2995	-11.688232	69.3345	73.64653	477.0995	-39.625874	7.629395e-09	-0.012654162	-1.953125e-07	0.09397734	195.62817	-102.89184	33911.918	-6766.244	0	0	1.7151414	0.0	1.5118797	0.0097037535	1780000.0	22382.677018880844
89	161.61237	152.51941	454.05597	-12.755345	747.5	855.7095	2860.0	0.0	1000.0	1490010.0	0.8277833333333333	11.883344	22.274523	127.038284	-12.825654	107.957214	59.05607	479.76114	-56.891365	-6.1035155e-09	-0.013423094	3.90625e-07	-0.035846096	320.84784	-157.06148	24338.451	-6070.582	0	0	1.5529265	0.0	1.5063041	0.0094040455	1800000.0	22640.525083065033
90	123.99565	164.03958	526.6036	-22.059744	1090.5	1653.0077	6420.0	0.0	1000.0	1511820.0	0.8306703296703297	12.401744	20.997362	126.067894	-14.8924265	78.255135	71.84488	483.4291	-19.910984	1.8310548e-08	-0.013346387	2.5390625e-06	0.2604207	253.44728	-147.34909	51379.188	-8075.992	0	0	1.5584192	0.0	1.4952884	0.009560346	1820000.0	22893.019773244858
91	102.0281	98.28027	230.65565	-21.201107	942.0	1172.4188	3850.0	0.0	1000.0	1530660.0	0.8318804347826086	11.449814	24.29218	147.80254	-14.17075	100.840294	61.030376	496.05225	-10.154329	0.0	-0.012465503	0.0	-0.023358008	185.56807	-122.58242	25837.77	-5748.049	0	0	1.6045109	0.0	1.4934015	0.00954891	1840000.0	23146.16114115715
92	109.5928	139.17133	343.346	-10.536704	422.0	712.6121	2840.0	0.0	1000.0	1539100.0	0.8274731182795699	9.713316	20.72277	120.55744	-13.191563	90.47512	65.864815	502.3591	-59.452938	-1.5258789e-09	-0.013740569	-7.8125e-07	0.09127588	241.08212	-133.19864	14493.398	-5379.419	0	0	1.4402184	0.0	1.4986105	0.009744816	1860000.0	23398.605053424835
93	179.83894	195.0277	659.38116	-6.3710313	825.0	959.35126	2940.0	0.0	1000.0	1555600.0	0.8274468085106383	12.981894	23.857908	120.254005	-17.378849	49.92922	44.071953	480.22592	-68.40534	0.0	-0.013019798	1.2207032e-07	0.0060704346	343.7693	-193.29463	26330.31	-5026.75	0	0	1.5889198	0.0	1.5026772	0.009729462	1880000.0	23653.70373940468
94	150.04623	142.57294	538.0141	-9.414742	503.5	738.2633	2360.0	0.0	1000.0	1565670.0	0.8240368421052632	15.286447	24.98674	138.09569	-15.266711	70.66183	48.93005	491.8045	-81.70869	1.9073486e-08	-0.013053953	-3.90625e-07	-0.010466993	267.5403	-153.24165	16069.792	-3954.9062	0	0	1.5113118	0.0	1.5020838	0.009356307	1900000.0	23909.354717731476
95	154.48761	150.62553	539.6481	-11.711592	1237.5	1460.8008	5210.0	0.0	1000.0	1590420.0	0.82834375	18.352306	27.084631	136.80876	-17.684631	71.745895	79.25436	494.8765	-76.69469	-6.1035155e-09	-0.014758558	2.1484375e-06	-0.20685977	314.27036	-179.16803	52687.973	-12088.516	0	0	1.316383	0.0	1.48563	0.009447821	1920000.0	24167.376101255417
96	174.55913	145.92436	532.35504	-20.161488	805.5	992.9978	3260.0	0.0	1000.0	1606530.0	0.8281082474226804	14.914011	25.450241	150.11797	-19.30797	105.443115	68.40221	518.23145	-15.76354	1.5258789e-09	-0.014050689	-2.0019531e-06	0.11439734	346.01126	-177.05997	28180.035	-6310.039	0	0	1.4848931	0.0	1.4841088	0.009495186	1940000.0	24418.522287130356
97	146.54117	192.35165	647.4378	-6.9832416	1038.0	1111.3712	3340.0	0.0	1000.0	1627290.0	0.83025	15.403651	23.654137	134.73851	-12.678403	97.99104	76.59439	512.7985	-42.925346	-2.1362304e-08	-0.011823312	3.90625e-07	-0.026151562	269.068	-119.30412	30440.031	-6117.1133	0	0	1.6727709	0.0	1.4858811	0.0096976645	1960000.0	24671.724621772766
98	151.25418	151.72473	553.0966	-5.651249	707.5	655.47595	2020.0	0.0	1000.0	1641440.0	0.829010101010101	15.758578	25.774843	157.04868	-15.08595	104.22013	62.291378	526.6316	-52.93497	4.9591065e-09	-0.0115615465	9.765625e-07	-0.09423184	224.45802	-111.13185	20173.49	-5203.084	0	0	1.7387135	0.0	1.4872148	0.009578495	1980000.0	24925.582882881165
99	145.55319	172.01007	555.8061	-14.002582	798.0	970.00824	3160.0	0.0	1000.0	1657400.0	0.8287	14.45952	27.212748	146.64812	-12.5927105	85.50137	67.14968	525.6126	-53.942577	-1.1062622e-08	-0.012911718	-3.90625e-07	-0.08033545	312.4481	-165.11789	20202.25	-5455.8916	0	0	1.5141189	0.0	1.4905951	0.009593366	2000000.0	25181.736132860184
