Epoch	AverageEpRet	StdEpRet	MaxEpRet	MinEpRet	AverageEpCost	StdEpCost	MaxEpCost	MinEpCost	EpLen	CumulativeCost	CostRate	AverageVVals	StdVVals	MaxVVals	MinVVals	AverageCostVVals	StdCostVVals	MaxCostVVals	MinCostVVals	LossPi	DeltaLossPi	SurrCost	DeltaSurrCost	LossV	DeltaLossV	LossVC	DeltaLossVC	Penalty	DeltaPenalty	Alpha	BacktrackIters	Entropy	KL	TotalEnvInteracts	Time
0	-271.538	109.27057	-76.22747	-495.25305	1646.5	2023.3716	5530.0	0.0	1000.0	32930.0	1.6465	0.69929886	0.4511447	2.0111656	-1.3606917	-0.4061814	0.2404047	0.82843405	-1.347798	3.3569336e-08	-0.013108626	-1.5625e-06	-0.32024202	779.0824	-635.19507	82109.555	-10503.484	0	0	1.5340511	0.0	1.837877	0.009031218	20000.0	196.93356823921204
1	-305.83844	69.74243	-174.36058	-499.75757	827.0	1285.8152	4050.0	0.0	1000.0	49470.0	1.23675	-24.419277	1.4134996	14.507516	-24.891666	39.657368	1.0792567	39.795	-7.9080515	0.0	-0.013177899	3.90625e-07	-0.12529336	87.49744	-32.330524	29886.637	-667.24414	0	0	1.4984215	0.0	1.8538363	0.008752818	40000.0	389.8263039588928
2	-295.84482	117.28447	-84.80102	-579.0186	1214.5	2340.4285	9440.0	0.0	1000.0	73760.0	1.2293333333333334	-29.802593	1.1530545	1.1489617	-30.141396	48.95317	1.3087295	49.10995	-0.43793106	-1.2207031e-08	-0.013270117	-2.34375e-06	-0.20475157	133.20406	-2.640625	74521.69	-1652.0469	0	0	1.4558007	0.0	1.857065	0.008630272	60000.0	582.5219030380249
3	-284.35406	106.63059	-54.8155	-438.4653	1398.5	2172.6812	9040.0	0.0	1000.0	101730.0	1.271625	-29.65507	0.77814275	-6.844183	-29.898975	63.392742	1.482771	63.505733	-33.882793	-3.051758e-08	-0.012823263	-1.7578125e-06	0.08971348	109.99162	-1.5603714	60026.965	-2141.1914	0	0	1.5339628	0.0	1.8512192	0.00823793	80000.0	775.5219640731812
4	-302.40082	104.29301	-139.29254	-551.99097	1179.0	1965.1409	6880.0	0.0	1000.0	125310.0	1.2531	-28.549313	0.7543845	8.307147	-28.703943	80.68965	1.3844697	80.78049	-12.69079	-1.0681152e-08	-0.0129089495	1.3671875e-06	-0.27103496	105.6639	-2.582306	56140.24	-612.23047	0	0	1.4997709	0.0	1.8483543	0.008662315	100000.0	968.1240081787109
5	-324.4746	123.40865	-116.8213	-524.96423	518.0	1069.0304	4360.0	0.0	1000.0	135670.0	1.1305833333333333	-30.02154	0.519343	1.358658	-30.134214	90.67644	1.8602713	90.795944	-36.45819	1.8692017e-08	-0.012893311	3.125e-06	-0.042346094	149.03723	-5.2244263	18315.756	-463.4961	0	0	1.5224336	0.0	1.8594034	0.009069273	120000.0	1160.7157802581787
6	-279.11264	113.13348	-63.24837	-439.02646	757.0	1342.9225	4560.0	0.0	1000.0	150810.0	1.0772142857142857	-32.26897	0.6776994	4.2672043	-32.40821	82.643936	2.4858887	82.8625	-33.35168	0.0	-0.01207279	-9.765625e-07	-0.061318554	135.16182	-16.727203	24458.889	-59.927734	0	0	1.6341356	0.0	1.8417363	0.00888544	140000.0	1352.7457234859467
7	-253.57405	90.45126	-70.92883	-469.4588	946.5	1808.1766	5170.0	0.0	1000.0	169740.0	1.060875	-28.185041	0.5917358	-3.1534965	-28.33986	79.40109	4.086733	79.77486	-53.29151	4.8828124e-08	-0.013312914	-1.171875e-06	-0.28340372	87.53123	-6.8994675	43187.11	-133.625	0	0	1.5345119	0.0	1.8394493	0.009111196	160000.0	1545.2711172103882
8	-279.7193	121.70417	-62.302864	-494.7975	335.0	1350.2981	6210.0	0.0	1000.0	176440.0	0.9802222222222222	-25.652365	0.77876353	3.092489	-25.906923	83.7547	3.9134252	84.13234	-59.650017	-3.3569336e-08	-0.012819864	3.90625e-07	-0.09250976	140.16217	-6.0241394	20914.967	-2526.2734	0	0	1.5229064	0.0	1.8300263	0.008700244	180000.0	1737.183888912201
9	-276.82513	103.68258	-110.6614	-520.06726	754.0	1299.032	4810.0	0.0	1000.0	191520.0	0.9576	-27.61988	0.47292686	-6.31927	-27.84624	32.871555	14.502871	60.96904	-48.38631	0.0	-0.012662732	1.953125e-06	0.060131643	101.90509	-0.63319397	26191.164	-2204.088	0	0	1.5967679	0.0	1.8455831	0.009113661	200000.0	1930.7511467933655
10	-245.8908	103.94327	-59.249985	-427.64346	484.5	1294.7759	4440.0	0.0	1000.0	201210.0	0.9145909090909091	-27.7	0.660897	4.6935163	-28.00376	58.859264	1.4403508	62.430042	-2.8228953	-2.4414062e-08	-0.011685431	1.953125e-06	0.021204686	108.4013	-8.328278	19986.305	-276.73242	0	0	1.7516822	0.0	1.8353543	0.008973449	220000.0	2124.604691505432
11	-228.71748	111.58262	-79.33083	-438.31488	433.5	1275.4147	5460.0	0.0	1000.0	209880.0	0.8745	-24.958975	0.59360063	9.5159025	-25.368586	52.948555	4.724377	63.632133	-31.442596	0.0	-0.012814929	7.8125e-07	0.07627305	118.2305	-9.6036	19879.97	-442.8086	0	0	1.5947801	0.0	1.8644743	0.009412218	240000.0	2317.8056876659393
12	-258.4645	93.10443	-85.46873	-445.9044	821.0	1600.9993	5920.0	0.0	1000.0	226300.0	0.8703846153846154	-22.656868	1.7071644	2.1818767	-24.717333	37.80738	9.318495	63.486763	-41.208538	4.8828124e-08	-0.012156384	4.3945312e-07	-0.13408381	92.6842	-13.222168	30412.947	-1774.7617	0	0	1.666496	0.0	1.8671196	0.008813933	260000.0	2511.154593229294
13	-235.76245	76.475235	-100.03893	-360.09592	931.0	1559.538	5630.0	0.0	1000.0	244920.0	0.8747142857142857	-25.623425	1.2296082	8.265772	-26.711021	59.902306	13.579166	73.679	-8.160295	-6.1035155e-09	-0.012998101	3.125e-06	-0.13141485	62.7392	-7.100895	45308.68	-1455.8164	0	0	1.5185887	0.0	1.8704443	0.008651713	280000.0	2703.8096816539764
14	-204.30336	70.50856	-89.66139	-342.39343	283.5	961.261	4350.0	0.0	1000.0	250590.0	0.8353	-24.005466	1.8178709	-8.077116	-26.051548	81.295265	1.16515	81.34462	0.044785947	-3.0517577e-09	-0.012199216	5.859375e-07	0.071990624	59.392212	-13.143215	15044.462	-1455.5615	0	0	1.6086756	0.0	1.8455136	0.009047587	300000.0	2896.1322791576385
15	-283.69965	127.58325	-95.6216	-483.52228	431.5	1324.3612	5920.0	0.0	1000.0	259220.0	0.8100625	-21.028471	1.9777263	4.0817785	-24.02338	61.682926	1.1712779	61.763844	12.827368	5.493164e-08	-0.012745035	5.859375e-07	0.012337305	195.14392	-50.08113	20061.53	-216.5625	0	0	1.6054348	0.0	1.8367404	0.009168058	320000.0	3089.6646206378937
16	-247.4875	102.938576	-68.43119	-452.84167	335.0	692.5352	2600.0	0.0	1000.0	265920.0	0.7821176470588236	-27.619213	1.4615437	0.76433265	-29.143265	52.88015	1.8339169	53.472683	-37.5257	3.051758e-08	-0.012108563	-7.8125e-07	-0.044218846	105.025116	-17.851814	12223.105	-257.4297	0	0	1.6752757	0.0	1.8361679	0.009175766	340000.0	3282.256557703018
17	-283.55957	126.999794	-82.68314	-544.84985	1031.5	2099.7056	8970.0	0.0	1000.0	286550.0	0.7959722222222222	-24.7662	2.4075723	17.847614	-28.08993	42.508698	1.6271162	45.176586	-27.214138	-5.493164e-08	-0.012913507	-3.515625e-06	-0.06466953	157.56015	-22.842468	57382.258	-2336.621	0	0	1.5608668	0.0	1.8641511	0.009239566	360000.0	3474.8961787223816
18	-222.04326	85.69534	-80.60469	-400.18326	227.0	545.94965	2080.0	0.0	1000.0	291090.0	0.7660263157894737	-27.596653	3.1731112	7.992823	-32.541924	69.13179	2.1724305	69.3343	-17.752136	-4.8828124e-08	-0.012829969	4.882813e-07	-0.041101854	91.81861	-33.14501	7539.7	-1187.0767	0	0	1.5129378	0.0	1.8484381	0.008794809	380000.0	3666.9282653331757
19	-292.09808	120.029236	-96.55546	-572.6086	941.5	1406.3936	4150.0	0.0	1000.0	309920.0	0.7748	-22.589	3.1507435	-1.0659183	-30.121931	51.65853	2.2198415	51.85982	-30.531559	2.4414062e-08	-0.011846607	1.171875e-06	0.12912616	169.27597	-49.813797	39567.777	-1297.4805	0	0	1.6639756	0.0	1.832746	0.0089450115	400000.0	3860.0851345062256
20	-308.50027	155.96194	-79.68972	-615.00226	941.0	1362.8385	4820.0	0.0	1000.0	328740.0	0.7827142857142857	-29.087513	2.8222222	-5.9634814	-33.689865	70.000114	2.265771	70.23515	-46.69102	4.8828124e-08	-0.0125367	3.90625e-07	-0.04846914	222.24937	-47.084824	32418.47	-424.60742	0	0	1.5715058	0.0	1.8499179	0.009189427	420000.0	4053.163509607315
21	-306.22537	85.5652	-181.20343	-505.80447	549.5	1197.4242	3810.0	0.0	1000.0	339730.0	0.7721136363636364	-30.237625	5.3751183	-2.440036	-39.95419	81.67925	1.4716558	83.13029	10.325963	0.0	-0.013718042	-3.90625e-07	-0.082575396	85.73641	-28.315376	25938.46	-272.85352	0	0	1.4437739	0.0	1.8451872	0.0092039015	440000.0	4245.180904388428
22	-246.3757	81.788574	-95.9537	-455.13098	336.0	561.0829	1740.0	0.0	1000.0	346450.0	0.7531521739130435	-29.657644	4.185832	-10.101787	-38.76984	73.32113	3.6982727	75.325195	-50.28888	-4.8828124e-08	-0.012027188	-9.765625e-07	-0.05849951	88.80619	-36.04679	9025.649	-987.5176	0	0	1.6400858	0.0	1.8484509	0.008963272	460000.0	4437.38406586647
23	-266.51978	96.82894	-59.251724	-448.5131	1437.0	2046.2479	6180.0	0.0	1000.0	375190.0	0.7816458333333334	-25.06429	3.382683	-2.995161	-35.525875	54.05935	2.2754896	56.96655	-22.271906	3.0517577e-09	-0.012657446	1.171875e-06	-0.1702211	72.326775	-20.215126	74243.27	-5304.586	0	0	1.5874919	0.0	1.8515728	0.009284351	480000.0	4629.835541009903
24	-248.7042	91.31522	-53.979828	-422.23276	500.0	950.9101	3440.0	0.0	1000.0	385190.0	0.77038	-25.703854	4.919874	-5.251544	-38.10076	93.9168	2.1016932	95.13972	-56.1994	-3.6621095e-08	-0.012313617	-3.90625e-07	0.09599609	72.280426	-25.931828	16677.574	-1102.041	0	0	1.6110249	0.0	1.8604647	0.009271534	500000.0	4822.919630527496
25	-241.12846	100.594124	-102.6248	-449.95984	997.0	1918.5074	7580.0	0.0	1000.0	405130.0	0.7790961538461538	-23.92538	5.847458	-1.4371041	-40.631203	76.67564	5.3338923	77.78498	-66.91055	7.629395e-09	-0.013743979	-1.171875e-06	-0.05970703	83.724464	-25.017513	47337.617	-923.7031	0	0	1.459829	0.0	1.8695695	0.008908379	520000.0	5015.694762468338
26	-250.52145	129.42946	-60.7533	-507.6404	1377.0	1778.4658	4840.0	0.0	1000.0	432670.0	0.8012407407407407	-24.525436	5.7146087	-3.8157556	-44.702023	75.832985	20.33558	88.0274	-69.54644	0.0	-0.012770806	7.8125e-07	0.07843125	122.587524	-39.293427	54755.418	-2950.3242	0	0	1.5527387	0.0	1.8931946	0.009023444	540000.0	5208.421914577484
27	-260.1097	124.76268	-96.35676	-498.24426	203.0	605.81433	2060.0	0.0	1000.0	436730.0	0.779875	-24.8344	8.022291	2.7294424	-47.737686	109.42652	1.400126	111.13535	-2.8732948	9.155274e-09	-0.012814859	1.953125e-06	0.08584688	128.06047	-58.825424	12517.414	-4881.225	0	0	1.5713617	0.0	1.8966784	0.00931538	560000.0	5400.560465335846
28	-250.8188	120.781784	-68.88822	-519.30334	561.0	1241.4985	5040.0	0.0	1000.0	447950.0	0.7723275862068966	-25.87078	8.192957	-0.29664174	-50.142216	67.848434	2.8328793	76.20971	-60.674145	-3.0517577e-09	-0.012451343	-1.3671875e-06	0.0020767578	113.804726	-44.83036	26888.686	-401.1211	0	0	1.5553955	0.0	1.8602164	0.0088406475	580000.0	5593.503734588623
29	-259.85693	104.82418	-47.217743	-453.02936	1117.0	1856.9547	6220.0	0.0	1000.0	470290.0	0.7838166666666667	-25.240234	7.445071	-3.9746404	-46.439106	54.6841	8.091359	71.55429	-19.240244	1.2207031e-08	-0.013042627	1.5625e-06	-0.0028882814	73.9849	-28.83852	49129.41	-2720.3203	0	0	1.521656	0.0	1.8470292	0.0091861095	600000.0	5786.1442131996155
30	-271.6368	111.73304	-82.513054	-482.95972	367.5	995.5142	4600.0	0.0	1000.0	477640.0	0.7703870967741936	-25.875954	7.4457126	-0.97764087	-47.509193	89.45344	1.908073	97.65908	-36.332207	1.8310548e-08	-0.013303745	-3.90625e-07	-0.074614845	99.3149	-44.524647	15798.814	-1757.293	0	0	1.5141202	0.0	1.8691292	0.008843796	620000.0	5978.975607395172
31	-269.15485	92.10332	-118.784966	-401.5747	1002.0	1591.8405	6160.0	0.0	1000.0	497680.0	0.777625	-26.672874	7.08281	-4.047873	-47.291523	60.0198	6.5674567	72.87688	-27.88258	6.1035155e-09	-0.012290299	-7.8125e-07	-0.08434531	76.06559	-26.280842	35317.438	-1458.9453	0	0	1.6146319	0.0	1.8737369	0.009099601	640000.0	6171.3321788311005
32	-256.33002	114.51164	-85.8927	-449.37076	1116.5	1593.6884	5120.0	0.0	1000.0	520010.0	0.7878939393939394	-26.01448	5.815827	-2.8334088	-45.76271	71.671524	14.276646	84.83127	-39.59746	1.9836426e-08	-0.012226311	1.4648438e-06	-0.073725685	90.9596	-33.909176	46261.125	-1573.8086	0	0	1.6746716	0.0	1.8862163	0.009118197	660000.0	6364.135816574097
33	-241.10135	104.06563	-56.133636	-389.73517	1533.5	1930.0396	5110.0	0.0	1000.0	550680.0	0.8098235294117647	-25.506338	7.8408046	3.1354895	-48.006176	95.390976	1.2076881	95.99476	10.1184635	9.155274e-09	-0.013515804	2.34375e-06	0.13143595	76.88202	-31.889389	60559.336	-2190.5625	0	0	1.4733268	0.0	1.9131784	0.009077741	680000.0	6556.618189334869
34	-233.05325	101.28278	-79.98697	-422.8827	636.5	1159.2854	3610.0	0.0	1000.0	563410.0	0.8048714285714286	-24.158112	6.689534	-0.40000063	-49.290123	119.8123	1.8276632	120.35123	-34.49689	6.1035155e-09	-0.015602436	-3.125e-06	0.040129688	103.61999	-51.716846	25866.906	-3247.6602	0	0	1.3868148	0.0	1.8985212	0.009021631	700000.0	6748.451904296875
35	-275.89752	104.280075	-75.42909	-445.75775	1004.5	2093.8494	7230.0	0.0	1000.0	583500.0	0.8104166666666667	-24.207516	7.9330816	1.1446338	-51.379932	68.930565	18.570707	102.1318	-78.60859	-6.1035155e-09	-0.01272962	2.9296875e-06	-0.06069629	96.74634	-47.845787	58243.52	-2037.7031	0	0	1.5917027	0.0	1.8824282	0.009288704	720000.0	6941.790627002716
36	-221.22156	84.11314	-121.437225	-427.9147	1355.0	2260.7375	7120.0	0.0	1000.0	610600.0	0.8251351351351351	-25.016027	7.6588626	-0.7388977	-46.408962	79.8907	21.075521	96.344635	-87.250465	0.0	-0.012493963	3.90625e-06	-0.16623047	86.17189	-45.35705	73752.266	-3770.1328	0	0	1.584919	0.0	1.8843589	0.00938351	740000.0	7134.864960432053
37	-263.43066	91.40916	-92.34873	-397.67047	1118.0	1909.5382	6140.0	0.0	1000.0	632960.0	0.8328421052631579	-23.998537	4.909367	-3.8144963	-48.927	101.530525	28.222387	123.17911	-54.492584	9.155274e-09	-0.013175297	-7.8125e-07	0.013919531	74.80725	-34.74528	53951.168	-2161.707	0	0	1.497839	0.0	1.861599	0.009150413	760000.0	7328.031393766403
38	-228.05478	96.221664	-101.25386	-371.1571	1464.0	2221.6106	6900.0	0.0	1000.0	662240.0	0.849025641025641	-24.696115	7.54731	1.2889831	-48.458443	100.78632	38.27428	132.47427	-112.315735	-1.525879e-08	-0.01315645	-1.5625e-06	0.0019292969	75.230354	-31.17445	81484.87	-3244.2266	0	0	1.5529708	0.0	1.8450291	0.008948967	780000.0	7520.974608659744
39	-263.6964	114.54395	-18.308487	-432.74323	643.5	1040.8519	2880.0	0.0	1000.0	675110.0	0.8438875	-23.817198	6.4474354	-2.5298955	-46.29543	127.68873	29.391348	146.39142	-95.64286	9.155274e-09	-0.013122499	-3.90625e-07	-0.1908463	161.33632	-67.75728	26733.129	-3999.5938	0	0	1.557253	0.0	1.846632	0.009243069	800000.0	7713.719321489334
40	-289.9439	103.26704	-73.57264	-535.32416	873.5	1472.4412	5140.0	0.0	1000.0	692580.0	0.844609756097561	-27.065456	7.645769	4.6983066	-51.874336	67.44477	20.296522	141.70459	-25.256157	-9.155274e-09	-0.0119501315	0.0	0.011925391	101.90658	-47.917496	37828.19	-1369.9297	0	0	1.6487684	0.0	1.849156	0.009059685	820000.0	7907.252318382263
41	-241.60709	103.14287	-41.01979	-384.83847	664.0	1878.4951	8440.0	0.0	1000.0	705860.0	0.8403095238095238	-27.152565	7.285924	5.3855762	-49.683132	77.75507	21.374077	139.45493	-76.252655	-3.3569336e-08	-0.013074856	7.8125e-07	0.058121875	125.63651	-51.503685	52486.855	-1655.625	0	0	1.530923	0.0	1.8482902	0.00919937	840000.0	8099.962057590485
42	-222.20102	90.15643	-13.228453	-406.48306	973.5	1486.7155	4890.0	0.0	1000.0	725330.0	0.8434069767441861	-23.6417	7.1148653	10.044764	-47.460133	61.853424	34.753006	148.64146	-54.48141	9.155274e-09	-0.013210149	-1.2695313e-06	-0.0060521485	85.96505	-37.419376	40278.523	-3973.5508	0	0	1.54715	0.0	1.8334086	0.009205352	860000.0	8292.725143194199
43	-265.263	84.05308	-76.94083	-375.75134	1493.5	1597.3768	4300.0	0.0	1000.0	755200.0	0.8581818181818182	-23.822504	6.1595407	13.750531	-42.323883	87.08715	38.584347	156.69386	-88.05535	1.525879e-08	-0.012844339	1.5625e-06	0.16049844	87.0047	-39.661293	52507.887	-6498.789	0	0	1.6167501	0.0	1.8470453	0.009107364	880000.0	8485.817635297775
44	-252.80957	135.2476	55.423126	-600.0213	1287.0	1546.0565	4430.0	0.0	1000.0	780940.0	0.8677111111111111	-24.598906	8.370767	18.052507	-48.506073	148.52245	17.45089	161.21658	6.16486	-3.051758e-08	-0.014479398	-1.171875e-06	-0.09403496	143.5622	-63.381042	42762.113	-984.3086	0	0	1.3870236	0.0	1.8679427	0.009104202	900000.0	8679.049284934998
45	-246.10391	118.1824	-30.0492	-456.6333	792.0	1217.0728	3880.0	0.0	1000.0	796780.0	0.8660652173913044	-25.303583	8.514698	12.554074	-52.731396	138.47945	20.212355	156.98169	2.856293	0.0	-0.0144418	-7.8125e-07	0.16883418	144.07326	-64.0375	33804.62	-2964.42	0	0	1.4185417	0.0	1.8513374	0.009247594	920000.0	8873.136298894882
46	-277.48535	115.241295	-85.95493	-572.00116	632.0	851.38477	3530.0	0.0	1000.0	809420.0	0.8610851063829787	-25.729813	7.311716	5.2968593	-52.112164	91.73742	28.304049	138.23396	-48.7086	-1.2207031e-08	-0.0133523075	1.953125e-07	-0.08385078	118.42284	-56.19145	18621.617	-1258.7148	0	0	1.5220118	0.0	1.8713841	0.00919973	940000.0	9065.990011930466
47	-193.67532	113.49177	-37.83304	-544.9374	1398.5	1791.9495	5400.0	0.0	1000.0	837390.0	0.87228125	-25.060059	9.36084	8.948877	-52.61457	70.89334	24.105637	126.70406	-9.957912	-9.155274e-09	-0.013103543	-4.882813e-07	-0.26322022	178.1948	-99.50659	57498.426	-5220.246	0	0	1.5562321	0.0	1.8733777	0.009043812	960000.0	9259.527590036392
48	-244.5511	68.58551	-109.76935	-347.02942	1017.0	1457.3643	4090.0	0.0	1000.0	857730.0	0.875234693877551	-21.564398	6.6289506	4.5203094	-41.7171	130.84933	10.404483	146.26715	-61.559944	-2.1362304e-08	-0.012928138	1.5625e-06	0.007880078	66.33325	-36.846752	37212.992	-1216.2773	0	0	1.5857644	0.0	1.9024543	0.009050003	980000.0	9452.105692386627
49	-211.89803	81.52635	-29.196726	-310.95746	1330.5	1594.724	4550.0	0.0	1000.0	884340.0	0.88434	-22.939259	5.4571943	2.6442347	-43.911594	106.98443	6.529571	128.39543	-30.643888	1.2207031e-08	-0.013118289	0.0	0.11738496	103.27795	-42.293407	48304.73	-1674.5781	0	0	1.6290661	0.0	1.9049873	0.009349395	1000000.0	9645.47976231575
50	-258.40692	126.96978	3.4709182	-485.14206	1111.5	1834.6996	6050.0	0.0	1000.0	906570.0	0.8887941176470588	-21.66929	7.340781	6.6844244	-44.469414	124.979	18.275507	146.74399	-33.106266	1.2207031e-08	-0.014978039	-2.34375e-06	-0.17252657	139.28545	-65.29695	59416.574	-1827.5742	0	0	1.4880989	0.0	1.8966309	0.009068135	1020000.0	9839.113932132721
51	-254.23686	70.160866	-119.18726	-367.53616	815.0	1470.1002	5750.0	0.0	1000.0	922870.0	0.887375	-26.17462	7.3149886	1.350098	-46.985466	115.42787	13.830493	147.24316	34.068665	-6.1035155e-09	-0.013655066	1.3671875e-06	-0.023665918	59.701267	-31.699785	38829.18	-1952.8242	0	0	1.474588	0.0	1.8953815	0.009159241	1040000.0	10031.827978610992
52	-250.82468	146.0379	-16.963528	-709.03564	1181.5	1186.9468	3910.0	0.0	1000.0	946500.0	0.8929245283018868	-24.427309	7.0627027	3.021422	-48.17945	81.0551	17.303526	127.83052	-59.51371	-4.577637e-09	-0.013870899	0.0	0.08580547	196.84435	-97.44994	35173.79	-3953.002	0	0	1.4878697	0.0	1.9143538	0.00910116	1060000.0	10225.171602487564
53	-232.14156	83.0971	-100.801956	-417.7913	1019.0	1456.0868	4910.0	0.0	1000.0	966880.0	0.8952592592592593	-24.14164	8.738431	6.061432	-62.666534	100.26796	36.660862	158.3491	-90.713615	3.0517577e-09	-0.013425459	-7.8125e-07	-0.008894141	76.052315	-41.46158	38568.96	-2788.3398	0	0	1.5048232	0.0	1.9351587	0.009445678	1080000.0	10417.834968805313
54	-247.72879	122.58618	-2.8308382	-494.9719	1324.0	1719.6086	4900.0	0.0	1000.0	993360.0	0.9030545454545454	-23.834637	7.4467783	8.108516	-47.1321	102.99922	15.241353	144.0037	7.2167864	-5.1879884e-08	-0.014022787	1.7578125e-06	0.14726855	147.9118	-65.262405	58635.51	-3632.9883	0	0	1.4195064	0.0	1.9389141	0.00912407	1100000.0	10610.41145157814
55	-234.03523	102.419846	-48.77369	-528.39124	790.5	1421.8807	5760.0	0.0	1000.0	1009170.0	0.9010446428571428	-23.751087	7.836717	0.7043543	-45.166164	115.268875	32.048286	174.34416	-23.477839	-1.2207031e-08	-0.012896561	7.8125e-07	0.0028939454	103.12105	-54.10097	38993.23	-3448.707	0	0	1.5644369	0.0	1.9471123	0.009181665	1120000.0	10803.975616455078
56	-172.13309	110.27802	42.049507	-445.2458	1155.5	1473.0868	4340.0	0.0	1000.0	1032280.0	0.9055087719298246	-22.686104	7.6503386	3.4637454	-45.45184	82.75351	37.708576	170.92581	-61.67948	4.577637e-09	-0.010360851	0.0	0.017937891	180.29861	-95.1013	40496.793	-3831.9492	0	0	1.6555754	1.0	1.9486105	0.0063401563	1140000.0	10997.537226676941
57	-217.83264	95.37299	-1.5858871	-428.15543	1384.0	1953.7052	6520.0	0.0	1000.0	1059960.0	0.9137586206896552	-20.208418	7.3635845	9.831522	-47.1929	112.07247	40.098755	180.57979	-77.45664	-6.1035155e-09	-0.014959074	-2.34375e-06	0.005215625	140.98581	-81.030975	52253.863	-4829.59	0	0	1.3311229	0.0	1.9536422	0.0087198075	1160000.0	11189.659707307816
58	-190.44618	93.33322	-54.2485	-439.25052	969.5	1270.3955	3340.0	0.0	1000.0	1079350.0	0.9147033898305085	-19.586742	8.13672	8.666182	-48.032673	129.2191	39.602318	192.66336	-35.67749	1.373291e-08	-0.014962724	-7.8125e-07	-0.07186875	79.583336	-43.470173	32085.068	-3528.0645	0	0	1.3527937	0.0	1.9427102	0.009339212	1180000.0	11382.49571299553
59	-218.51408	98.30428	-16.224203	-402.3928	1245.0	1585.3342	4500.0	0.0	1000.0	1104250.0	0.9202083333333333	-19.814453	7.0399013	1.9667844	-47.42658	104.88861	31.06145	189.83278	-40.464596	2.2888184e-08	-0.013555113	3.90625e-07	-0.10730527	109.42049	-50.91768	44122.152	-4948.5703	0	0	1.4950385	0.0	1.9397045	0.009096091	1200000.0	11575.443557024002
60	-248.90161	117.4056	-32.87824	-478.02335	811.5	1062.3572	3610.0	0.0	1000.0	1120480.0	0.9184262295081967	-22.69386	7.462128	1.7182847	-49.547005	119.958786	32.551254	198.0621	-47.253086	-1.8310548e-08	-0.014491491	1.0253906e-06	0.08498442	134.16672	-68.62138	30587.127	-4379.166	0	0	1.4259965	0.0	1.9564769	0.009109987	1220000.0	11768.675018310547
61	-238.39851	101.78925	-56.743603	-517.4647	1088.5	1605.3263	6040.0	0.0	1000.0	1142250.0	0.9211693548387097	-24.313772	8.544697	5.988893	-55.106724	87.54183	36.070606	199.27122	-67.34076	1.5258789e-09	-0.013216712	1.5625e-06	-0.26845935	118.67066	-53.404984	51649.836	-7599.5234	0	0	1.4889127	0.0	1.9647851	0.009029739	1240000.0	11961.18901515007
62	-199.44962	103.370445	2.5039783	-382.02988	1503.0	1219.41	4180.0	0.0	1000.0	1172310.0	0.930404761904762	-21.856852	8.263934	5.8925915	-49.42531	103.712425	46.308914	206.05174	14.485282	-1.5258789e-09	-0.013913931	1.3671875e-06	0.09794189	132.94456	-63.60994	48683.72	-5584.492	0	0	1.4706774	0.0	1.9815804	0.008974295	1260000.0	12153.589186191559
63	-185.19876	105.56652	-38.518738	-397.94492	989.0	1560.2047	5340.0	0.0	1000.0	1192090.0	0.9313203125	-19.081678	8.305844	15.33223	-49.132374	146.0781	26.456715	208.32228	26.45619	9.155274e-09	-0.014370343	-3.90625e-06	0.121682025	130.57925	-63.942154	38955.22	-4839.293	0	0	1.4433802	0.0	1.9923627	0.009262384	1280000.0	12346.051004886627
64	-183.28175	115.98617	16.291283	-394.4961	710.5	1152.534	3920.0	0.0	1000.0	1206300.0	0.927923076923077	-20.126453	8.663957	24.011272	-47.075996	105.84598	33.775974	208.30792	-40.172375	-1.2207031e-08	-0.013672333	-4.8828124e-08	0.057734326	192.21758	-89.01663	25587.418	-3631.3438	0	0	1.4867806	0.0	1.987905	0.009101484	1300000.0	12538.318109750748
65	-227.0823	96.21059	-53.14831	-412.9412	1022.0	1668.1744	6330.0	0.0	1000.0	1226740.0	0.9293484848484849	-19.036827	8.540897	27.05743	-48.59053	71.616035	36.91805	211.5312	-46.645287	1.373291e-08	-0.014585074	3.90625e-07	0.17701602	124.53025	-74.90547	46655.617	-6347.1055	0	0	1.4401339	0.0	1.9848671	0.009126581	1320000.0	12732.285883903503
66	-190.94916	105.091995	-39.741806	-402.33713	956.5	1488.8259	5460.0	0.0	1000.0	1245870.0	0.9297537313432835	-19.24306	9.215252	17.90946	-50.86827	102.07475	46.624435	224.06628	-14.371075	-1.2207031e-08	-0.013766797	-1.171875e-06	0.016733399	118.611916	-63.362305	40968.71	-4732.9688	0	0	1.4464014	0.0	1.9999952	0.009014967	1340000.0	12925.519439220428
67	-150.50531	78.92935	-19.80425	-256.05588	707.0	1292.8383	4940.0	0.0	1000.0	1260010.0	0.9264779411764706	-17.838497	7.6106553	20.46062	-45.84345	100.94884	47.99953	229.22536	-81.82375	-3.0517577e-09	-0.012193168	0.0	-0.064285934	169.87508	-87.56643	27243.635	-4536.6836	0	0	1.6928374	0.0	1.9966687	0.009272404	1360000.0	13117.763218164444
68	-251.89316	132.64667	-79.13807	-564.1122	674.0	917.7331	2900.0	0.0	1000.0	1273490.0	0.9228188405797102	-17.611748	8.408937	31.755878	-45.958393	71.09225	39.908985	230.79773	-64.37936	1.525879e-08	-0.014637259	-3.90625e-07	-0.11312734	229.92108	-147.49438	19562.379	-3623.1406	0	0	1.4225299	0.0	2.0186362	0.009123007	1380000.0	13310.911373853683
69	-167.88295	90.5111	-4.9210606	-353.4943	719.5	983.3691	3620.0	0.0	1000.0	1287880.0	0.9199142857142857	-18.63975	11.466873	43.9829	-56.24853	66.5544	30.065233	222.51389	-32.86893	-5.531311e-09	-0.013107765	9.765625e-07	0.03353262	179.38548	-98.41524	19698.18	-2176.8125	0	0	1.5840309	0.0	2.013318	0.009202841	1400000.0	13504.01785492897
70	-143.18059	69.42937	-31.282843	-247.50142	1028.5	1521.2963	5670.0	0.0	1000.0	1308450.0	0.921443661971831	-16.642595	8.035463	39.59395	-44.422375	71.0932	36.86307	230.97006	-36.131794	3.0517577e-09	-0.013371841	1.5625e-06	0.07467031	171.03568	-82.34694	48353.664	-8002.617	0	0	1.5367768	0.0	2.0216274	0.008952016	1420000.0	13698.589205265045
71	-201.63364	140.6257	2.138696	-470.58325	1330.5	1869.8142	5800.0	0.0	1000.0	1335060.0	0.927125	-15.352783	9.76085	49.2938	-45.196297	97.990036	55.1594	246.20023	-81.87056	9.155274e-09	-0.015236207	-2.1484375e-06	-0.06563926	284.2315	-148.72676	56636.52	-11273.16	0	0	1.3468547	0.0	2.0236201	0.009235542	1440000.0	13891.753890037537
72	-206.67773	119.35848	-5.161168	-442.21677	894.5	1177.754	4520.0	0.0	1000.0	1352950.0	0.9266780821917808	-20.519228	11.373224	46.111	-53.69442	124.9469	58.22658	262.4672	-12.367563	1.8310548e-08	-0.015859531	7.324219e-07	-0.07979399	209.04105	-121.24216	32917.465	-6151.8906	0	0	1.3526942	0.0	2.0205247	0.0094587	1460000.0	14084.586668014526
73	-156.5724	111.27439	55.86596	-351.3647	1152.5	1149.4298	3340.0	0.0	1000.0	1376000.0	0.9297297297297298	-15.803503	11.106506	56.047607	-48.636276	93.03652	42.90762	265.81693	-49.9553	-4.577637e-09	-0.014196169	1.7578125e-06	-0.03588262	225.62602	-128.88606	37922.062	-6335.1953	0	0	1.4533956	0.0	2.0098472	0.009044169	1480000.0	14277.790801763535
74	-142.41403	103.96343	16.134375	-397.4507	1138.5	1705.0345	6600.0	0.0	1000.0	1398770.0	0.9325133333333333	-14.476535	12.356728	57.872406	-45.88168	112.11506	60.08236	271.26794	-58.634933	3.8146974e-09	-0.01297769	0.0	0.00654375	176.7442	-103.96079	51208.645	-8031.043	0	0	1.5664291	0.0	2.0309565	0.009188461	1500000.0	14470.652807712555
75	-152.0698	119.55266	20.575035	-442.7676	1071.5	1385.8798	4170.0	0.0	1000.0	1420200.0	0.9343421052631579	-15.438767	9.888079	63.348724	-49.2933	112.3975	56.92628	280.18518	-127.02166	0.0	-0.015194819	5.078125e-06	-0.13996172	162.07478	-91.11978	37279.02	-6441.746	0	0	1.3339689	0.0	2.0502687	0.009272119	1520000.0	14664.528220415115
76	-153.55626	104.73687	28.966866	-385.8142	913.0	1053.0863	3310.0	0.0	1000.0	1438460.0	0.934064935064935	-12.9996395	12.452928	61.386776	-51.069496	113.5015	51.907852	288.10263	-24.601303	8.392334e-09	-0.012903286	-2.34375e-06	0.0006597656	162.71898	-88.89176	34532.953	-6082.9316	0	0	1.5769367	0.0	2.0482545	0.009270927	1540000.0	14857.495807886124
77	-221.96146	109.93197	-57.171352	-500.69696	1178.5	1222.6008	4490.0	0.0	1000.0	1462030.0	0.9371987179487179	-17.161621	9.872185	63.763836	-46.37898	95.228645	41.843426	279.55795	-3.4763012	1.9836426e-08	-0.01342111	-5.859375e-07	-0.014002344	181.32661	-114.2883	38761.44	-7047.508	0	0	1.4857566	0.0	2.0605645	0.009061676	1560000.0	15051.284272432327
78	-143.44934	135.28072	111.965454	-415.27362	1043.0	1097.4429	3410.0	0.0	1000.0	1482890.0	0.9385379746835443	-18.378307	9.275409	44.75692	-49.16361	119.02399	44.594555	289.24384	-10.743962	-1.1444092e-08	-0.013192349	-5.859375e-07	-0.023944872	291.36374	-174.90906	29182.957	-6846.9785	0	0	1.5643779	0.0	2.0594678	0.0093811415	1580000.0	15244.704145431519
79	-159.7809	109.35993	36.119797	-451.44354	1173.0	1216.2651	4270.0	0.0	1000.0	1506350.0	0.94146875	-14.015603	14.471792	68.6623	-55.433678	100.171326	52.869816	298.86084	-22.361235	-3.8146972e-10	-0.01413522	2.9296876e-07	-0.037381347	235.56195	-134.2573	44306.215	-9423.34	0	0	1.4293001	0.0	2.0725555	0.009319798	1600000.0	15437.62302994728
80	-163.7221	119.546875	43.434788	-403.2799	1698.0	1496.3408	6030.0	0.0	1000.0	1540310.0	0.9508086419753087	-16.030231	11.823397	64.580215	-52.291492	123.50411	64.59783	313.80856	-32.617676	9.155274e-09	-0.01392169	-1.171875e-06	0.14731094	201.82553	-117.631454	58119.08	-12364.07	0	0	1.4602454	0.0	2.080135	0.009292149	1620000.0	15632.768401145935
81	-125.335365	115.99848	110.09875	-391.05582	958.5	1021.0155	3940.0	0.0	1000.0	1559480.0	0.9509024390243902	-12.3321295	13.021808	61.64585	-56.16976	154.95682	66.136696	329.74146	-29.271381	3.0517577e-09	-0.01466129	1.953125e-07	-0.0011576172	356.08005	-199.32849	41602.086	-11237.055	0	0	1.3896189	0.0	2.0612268	0.009179051	1640000.0	15825.674097299576
82	-131.95802	151.60956	121.342995	-421.43585	1154.0	1199.2848	3190.0	0.0	1000.0	1582560.0	0.9533493975903614	-11.908184	14.998798	66.41954	-66.74554	110.3128	64.27727	333.44666	-72.21027	3.0517577e-09	-0.0130540095	1.171875e-06	-0.05628711	306.3902	-184.35135	42214.223	-7107.625	0	0	1.536258	0.0	2.060206	0.0091154305	1660000.0	16018.78606891632
83	-117.522415	140.15372	118.184616	-452.53857	567.0	715.9406	2250.0	0.0	1000.0	1593900.0	0.94875	-13.644857	13.453039	73.26079	-58.024605	107.90989	53.033306	339.38965	-90.15196	0.0	-0.013906445	1.953125e-06	0.015052735	342.1765	-212.49161	18555.545	-6136.3945	0	0	1.5050671	0.0	2.064238	0.00948511	1680000.0	16211.275619506836
84	-102.87522	96.57172	63.384117	-349.6713	1065.5	1223.2681	4110.0	0.0	1000.0	1615210.0	0.9501235294117647	-8.484586	15.76751	89.11598	-47.62631	57.915325	38.943497	321.31213	-130.75896	-1.5258789e-09	-0.013534565	9.765625e-07	-0.039860155	284.34186	-163.90553	48095.184	-6012.3555	0	0	1.5112395	0.0	2.052872	0.009069476	1700000.0	16403.58431482315
85	-110.43148	109.60195	89.14049	-391.9171	850.5	1154.4153	3770.0	0.0	1000.0	1632220.0	0.9489651162790698	-10.558731	13.704168	82.98445	-53.02952	101.787834	39.94139	333.5941	-88.93764	-9.155274e-09	-0.014064572	-1.953125e-07	-0.20390098	376.38354	-216.88455	32465.6	-5883.672	0	0	1.4532846	0.0	2.0390189	0.009071724	1720000.0	16597.560532093048
86	-168.69116	124.59794	32.303307	-467.69913	1141.0	1132.382	3920.0	0.0	1000.0	1655040.0	0.9511724137931035	-10.130995	16.263268	81.275024	-50.91647	90.65881	51.0099	336.4581	-80.97428	-6.866455e-09	-0.014417857	-1.5625e-06	0.04348828	341.33664	-230.24951	34772.594	-8808.094	0	0	1.3856246	0.0	2.0366695	0.009150067	1740000.0	16790.806622505188
87	-153.09445	127.22966	48.2744	-483.51443	1552.5	1265.4282	3620.0	0.0	1000.0	1686090.0	0.9580056818181818	-16.677435	14.414872	82.05586	-66.44762	101.7002	58.334873	354.0443	-88.50927	3.0517577e-09	-0.015257724	2.34375e-06	-0.067185156	292.0374	-169.80194	50664.805	-12082.887	0	0	1.4371928	0.0	2.0230877	0.009167291	1760000.0	16983.485632419586
88	-108.645706	143.1773	132.9629	-416.2898	1298.0	1387.2584	3480.0	0.0	1000.0	1712050.0	0.9618258426966292	-12.337943	13.8790045	82.615234	-53.205566	142.88815	71.30481	369.82483	7.279079	-6.1035155e-09	-0.014190179	-1.5625e-06	-0.05061172	413.07065	-269.60022	47207.957	-11902.543	0	0	1.4525753	0.0	2.039579	0.009283234	1780000.0	17176.21400809288
89	-128.46567	120.63864	30.086548	-393.56744	1059.5	1140.914	3940.0	0.0	1000.0	1733240.0	0.9629111111111112	-10.138995	15.854614	92.10924	-52.562122	131.0419	75.05258	377.4689	-68.32942	0.0	-0.015019507	0.0	-0.1187457	344.15506	-206.57835	37827.56	-9183.111	0	0	1.3702692	0.0	2.0477402	0.009235504	1800000.0	17369.318222522736
90	-119.846436	135.04063	196.84914	-416.2506	1081.5	1057.8954	3610.0	0.0	1000.0	1754870.0	0.9642142857142857	-10.49373	17.970098	95.13929	-63.850357	102.5676	56.563625	365.14938	-60.642902	0.0	-0.013238018	-3.90625e-07	0.014408398	331.9833	-203.43753	37959.9	-7593.4863	0	0	1.5320529	0.0	2.0410216	0.009555302	1820000.0	17563.155685663223
91	-118.952736	126.90396	63.92124	-440.77304	693.0	1018.9313	4230.0	0.0	1000.0	1768730.0	0.9612663043478261	-9.967036	19.125948	92.60211	-55.396244	98.7407	52.4462	367.5042	-36.33757	-5.340576e-09	-0.013021191	3.90625e-07	-0.15106015	338.8921	-201.92567	25067.865	-4972.17	0	0	1.533543	0.0	2.0406246	0.009135983	1840000.0	17755.51619362831
92	-115.21521	110.1534	163.19336	-293.14618	1269.0	1637.0885	6210.0	0.0	1000.0	1794110.0	0.9645752688172043	-10.7051935	13.695915	81.9022	-48.583206	72.00084	38.574455	346.6894	-66.11129	3.8146974e-09	-0.01281367	-3.4179689e-06	-0.11403545	366.3037	-208.8791	60200.06	-13002.477	0	0	1.5585197	0.0	2.0614336	0.009201062	1860000.0	17948.692150831223
93	-89.17241	126.23665	58.756554	-438.04822	1004.5	1146.296	3710.0	0.0	1000.0	1814200.0	0.965	-10.24171	15.833385	79.56816	-54.733746	126.527	61.907738	391.2327	-21.96099	-9.155274e-09	-0.014221945	1.5625e-06	0.015934374	396.18744	-259.9766	34038.83	-8077.01	0	0	1.4013486	0.0	2.0359874	0.009176648	1880000.0	18140.40725660324
94	-85.077576	138.34294	79.325035	-620.18005	1209.0	1332.7898	3940.0	0.0	1000.0	1838380.0	0.9675684210526316	-8.7683735	14.774654	80.11303	-55.91385	108.79337	66.77939	402.2808	-133.18036	-3.8146974e-09	-0.013421148	-1.171875e-06	-0.21055126	417.34103	-274.3216	42322.363	-12096.98	0	0	1.5351025	0.0	2.0245407	0.009292337	1900000.0	18333.12946844101
95	-131.35861	142.96321	129.22006	-388.2259	1182.0	1368.9982	5510.0	0.0	1000.0	1862020.0	0.9698020833333333	-6.784472	19.248468	89.29202	-56.89237	111.07159	71.877426	408.3502	-99.85727	-6.1035155e-09	-0.016515778	-1.953125e-07	-0.08785098	470.9622	-310.26416	44395.008	-12925.127	0	0	1.268712	0.0	2.006512	0.009329996	1920000.0	18526.545869350433
96	-116.31561	160.83638	116.785866	-427.74915	1193.0	1170.2952	3740.0	0.0	1000.0	1885880.0	0.9721030927835052	-11.957327	17.598034	94.24935	-57.396862	107.9148	65.35801	420.32593	-123.02324	-9.918213e-09	-0.014228365	-3.90625e-07	-0.1158917	489.9189	-323.31158	43235.11	-11940.379	0	0	1.4125466	0.0	1.9950591	0.009215549	1940000.0	18718.940373182297
97	-125.44554	125.09982	114.08591	-397.78952	953.0	782.0173	2630.0	0.0	1000.0	1904940.0	0.9719081632653062	-9.638994	18.402744	103.48775	-59.828648	112.645226	64.581436	440.16364	-63.40185	1.5258789e-09	-0.014248334	-7.8125e-07	0.09673047	401.4698	-259.86957	29907.402	-7772.035	0	0	1.4306105	0.0	1.9752669	0.00917982	1960000.0	18911.784732341766
98	-58.721863	117.58288	225.86662	-276.27826	1273.5	1180.9626	3680.0	0.0	1000.0	1930410.0	0.9749545454545454	-6.5872455	14.855533	81.356064	-50.100548	90.27432	58.41075	424.99814	-76.86567	-9.155274e-09	-0.014167862	-1.171875e-06	-0.17828202	347.20145	-221.31357	49576.508	-12537.762	0	0	1.3950808	0.0	1.970109	0.009108651	1980000.0	19105.220584869385
99	-63.03263	142.3391	139.12152	-437.76465	716.0	1059.0203	4590.0	0.0	1000.0	1944730.0	0.972365	-7.189375	17.856985	107.00469	-51.916626	121.93836	72.68126	444.19846	-104.81447	-9.155274e-09	-0.0143061215	1.7578125e-06	0.013467969	445.0869	-271.9968	25193.406	-6928.289	0	0	1.4090948	0.0	1.9657567	0.009392844	2000000.0	19298.637714147568
