Epoch	AverageEpRet	StdEpRet	MaxEpRet	MinEpRet	AverageEpCost	StdEpCost	MaxEpCost	MinEpCost	EpLen	CumulativeCost	CostRate	AverageVVals	StdVVals	MaxVVals	MinVVals	AverageCostVVals	StdCostVVals	MaxCostVVals	MinCostVVals	LossPi	DeltaLossPi	SurrCost	DeltaSurrCost	LossV	DeltaLossV	LossVC	DeltaLossVC	Penalty	DeltaPenalty	Alpha	BacktrackIters	Entropy	KL	TotalEnvInteracts	Time
0	-269.30566	109.196915	-76.05132	-494.28342	1646.5	2023.3716	5530.0	0.0	1000.0	32930.0	1.6465	0.69929886	0.4511447	2.0111656	-1.3606917	-0.4061814	0.2404047	0.82843405	-1.347798	-3.3569336e-08	-0.01297238	-1.5625e-06	-0.31325078	768.61035	-625.3795	82109.555	-10503.484	0	0	1.5462301	0.0	1.837877	0.009110576	20000.0	198.2003345489502
1	-306.94675	72.18408	-170.55826	-507.14774	882.5	1481.9308	4850.0	0.0	1000.0	50580.0	1.2645	-24.183554	1.4625232	9.75799	-24.682796	39.655807	1.0836381	39.795013	1.3472081	-6.1035155e-09	-0.013112432	-2.4414062e-06	-0.045039065	95.21068	-37.520565	41626.996	-876.5742	0	0	1.5307953	0.0	1.8547628	0.0090718735	40000.0	392.86087012290955
2	-286.56604	115.7942	-70.38753	-592.1923	1181.5	2018.7206	6680.0	0.0	1000.0	74210.0	1.2368333333333332	-29.969131	1.0825155	5.459406	-30.248734	50.09526	1.0715543	50.212963	-8.697148	0.0	-0.012813733	-1.171875e-06	-0.04055234	132.11623	-2.8587189	52312.754	-1376.5156	0	0	1.5547508	0.0	1.8454351	0.009115714	60000.0	587.3776271343231
3	-283.22617	114.62191	-65.99022	-487.649	1370.5	1878.9185	5970.0	0.0	1000.0	101620.0	1.27025	-28.69585	0.74582726	3.739717	-28.88694	63.392574	1.0829492	63.48294	-11.940189	-9.155274e-09	-0.012871179	-2.734375e-06	-0.03681719	122.528	-0.70189667	52592.06	-1896.582	0	0	1.5797925	0.0	1.846061	0.008622953	80000.0	782.1069240570068
4	-294.47498	101.51352	-143.33948	-524.9766	1124.5	1643.0474	4900.0	0.0	1000.0	124110.0	1.2411	-28.36217	0.5698671	-5.735498	-28.5363	79.76537	0.81602573	79.822586	11.246232	-9.155274e-09	-0.012277548	-1.5625e-06	-0.14636563	98.776215	-0.9730301	42160.875	-372.375	0	0	1.6285056	0.0	1.8519149	0.00884689	100000.0	976.9365811347961
5	-323.04443	115.79584	-121.72862	-508.4451	468.0	919.14417	3300.0	0.0	1000.0	133470.0	1.11225	-29.202497	0.6447657	11.69397	-29.360474	87.81875	1.40269	87.89392	-39.01933	0.0	-0.012790819	1.171875e-06	-0.06296054	135.72244	-8.388596	16350.536	-559.3408	0	0	1.5642929	0.0	1.8637602	0.009206239	120000.0	1172.2992055416107
6	-279.98645	113.97458	-60.681034	-437.49338	1129.5	1951.5569	5650.0	0.0	1000.0	156060.0	1.1147142857142858	-32.059055	0.7897017	4.8488445	-32.217583	78.51043	4.9280186	79.00242	-72.98376	-6.1035155e-09	-0.01350596	7.8125e-07	0.03206582	136.0018	-14.101639	54217.844	-1086.9648	0	0	1.4528955	0.0	1.851898	0.008990924	140000.0	1366.9460127353668
7	-257.08722	99.74218	-61.476902	-445.04395	749.0	1586.9684	5650.0	0.0	1000.0	171040.0	1.069	-28.268225	0.6799629	1.4975741	-28.446325	75.98854	20.554419	87.594604	-85.75126	-4.119873e-08	-0.012174538	-1.953125e-06	-0.18514766	103.77066	-5.425911	34069.777	-1367.4922	0	0	1.6311222	0.0	1.8533031	0.009215082	160000.0	1560.3082230091095
8	-276.5285	116.61589	-69.39726	-465.72006	353.0	1155.2666	4990.0	0.0	1000.0	178100.0	0.9894444444444445	-25.99037	0.6770109	8.368267	-26.17947	62.06484	24.056387	93.09417	-70.06107	-6.103516e-08	-0.011836596	4.882813e-07	-0.08164287	125.862564	-2.4942856	16013.261	-1961.4844	0	0	1.715882	0.0	1.8292488	0.00936889	180000.0	1754.0753409862518
9	-274.75122	102.04422	-128.80748	-524.8445	1367.0	1998.6848	5470.0	0.0	1000.0	205440.0	1.0272	-27.418219	0.52168405	-8.968786	-27.53074	31.609644	13.110904	55.546867	-44.11587	4.8828124e-08	-0.012593664	3.515625e-06	0.2939539	99.54095	-0.61740875	71821.56	-6642.164	0	0	1.5732594	0.0	1.8721073	0.008891403	200000.0	1947.8094778060913
10	-236.97717	106.87148	-46.95052	-423.09595	495.0	1493.5612	6530.0	0.0	1000.0	215340.0	0.9788181818181818	-27.491388	1.029335	3.2042024	-27.732178	78.41475	1.3574451	85.0818	4.7823453	0.0	-0.013156912	-7.8125e-07	-0.019016799	119.648674	-12.661301	29933.72	-271.55664	0	0	1.5408549	0.0	1.865087	0.009020664	220000.0	2142.182018518448
11	-228.9377	108.71199	-78.8351	-428.30765	405.0	1184.8987	4190.0	0.0	1000.0	223440.0	0.931	-24.04704	0.86660033	-1.6308764	-24.39243	72.14125	2.725828	82.936066	-48.179546	-4.8828124e-08	-0.012273743	0.0	0.08091484	110.821785	-8.865799	18275.766	-514.51953	0	0	1.6632813	0.0	1.8633847	0.009205714	240000.0	2335.3800065517426
12	-253.00777	93.19198	-91.738434	-456.16263	502.5	1059.8438	4270.0	0.0	1000.0	233490.0	0.8980384615384616	-22.834068	2.0573742	0.12407743	-25.123512	60.655712	5.1225705	65.50625	-60.121788	-4.8828124e-08	-0.013136328	-1.3671875e-06	0.046686232	89.40402	-10.2810135	15033.354	-243.75977	0	0	1.5664525	0.0	1.8638151	0.009121583	260000.0	2529.2429022789
13	-228.17429	68.350655	-108.575356	-321.76837	1081.0	1957.125	6760.0	0.0	1000.0	255110.0	0.9111071428571429	-24.767773	1.7931933	-3.3561902	-27.865318	47.19054	4.3259144	73.38134	-41.70466	-4.2724608e-08	-0.01206709	3.90625e-06	-0.033858985	52.79417	-6.726631	60559.5	-2488.9531	0	0	1.6442713	0.0	1.869447	0.009200761	280000.0	2722.844113588333
14	-197.3434	70.171486	-76.74367	-357.32816	302.0	811.38525	3150.0	0.0	1000.0	261150.0	0.8705	-22.979824	1.9804986	9.862722	-27.050526	76.83202	1.8562331	84.2727	-5.3910155	6.1035155e-09	-0.0125532355	-3.90625e-07	-0.10227344	55.6236	-12.211685	13493.634	-1148.5732	0	0	1.6006899	0.0	1.8680892	0.009010997	300000.0	2916.1519622802734
15	-275.01447	119.42027	-94.884026	-457.2469	687.5	1703.5518	6250.0	0.0	1000.0	274900.0	0.8590625	-20.262878	2.1935534	-7.0909505	-25.250946	58.68363	3.3281806	67.88458	-47.969425	-1.2207031e-08	-0.012538373	5.859375e-07	0.032695312	177.47337	-45.84166	38364.562	-113.75781	0	0	1.557555	0.0	1.8649273	0.008984703	320000.0	3110.6064817905426
16	-248.10428	101.30825	-74.147766	-452.85718	222.0	505.7529	1920.0	0.0	1000.0	279340.0	0.8215882352941176	-26.538841	1.9867051	3.346173	-28.85865	63.193012	3.533092	81.741554	-57.562923	0.0	-0.013077417	-1.171875e-06	0.042550392	95.988815	-10.944984	10337.708	-1480.8887	0	0	1.5667042	0.0	1.8611808	0.009056297	340000.0	3304.3194983005524
17	-274.59235	116.74801	-84.85165	-546.2398	1248.0	1774.0056	6200.0	0.0	1000.0	304300.0	0.8452777777777778	-25.160215	2.6682212	9.392265	-29.228046	24.848125	8.311706	58.895504	-44.887188	-3.967285e-08	-0.012679449	1.5625e-06	-0.1275795	128.31995	-13.100693	56519.75	-7332.379	0	0	1.5782616	0.0	1.8944631	0.008929834	360000.0	3498.459626674652
18	-216.25679	78.30451	-72.98275	-329.10657	395.5	1359.2662	6100.0	0.0	1000.0	312210.0	0.8216052631578947	-26.941885	3.350548	1.0765188	-32.69003	81.00338	3.1089315	92.56557	-4.7383137	1.8310548e-08	-0.012814411	0.0	-0.013602343	82.82351	-30.183048	21872.11	-2042.7246	0	0	1.5175872	0.0	1.884716	0.008710614	380000.0	3691.5161106586456
19	-284.34128	113.83741	-96.07151	-573.18427	546.5	907.7349	2750.0	0.0	1000.0	323140.0	0.80785	-22.549625	2.9504497	-5.907443	-30.526087	39.69835	18.9038	66.70824	-48.712475	1.2207031e-08	-0.012876855	0.0	0.02960371	143.90535	-44.101143	19309.346	-1345.5312	0	0	1.5692722	0.0	1.8538598	0.008972242	400000.0	3885.6493690013885
20	-291.95892	151.51416	-63.523476	-592.78754	1041.0	1482.339	5210.0	0.0	1000.0	343960.0	0.818952380952381	-27.925556	3.784194	11.533572	-34.363247	47.332882	18.335964	71.19534	-49.652157	1.8310548e-08	-0.013250629	1.953125e-06	0.014782422	199.05336	-36.11287	35550.8	-3324.455	0	0	1.476094	0.0	1.867245	0.00880123	420000.0	4080.266130924225
21	-297.87555	86.25954	-153.83548	-499.1051	462.0	1435.2198	6390.0	0.0	1000.0	353200.0	0.8027272727272727	-29.457693	4.9022136	-5.159761	-39.15711	91.975876	4.3374543	96.95497	9.090874	3.051758e-08	-0.013690289	-3.90625e-07	-0.0040363283	83.0188	-22.77375	26758.28	-1436.2891	0	0	1.4375399	0.0	1.8352818	0.009096876	440000.0	4274.352075815201
22	-245.65593	85.572586	-87.80205	-439.04132	478.0	992.5553	4140.0	0.0	1000.0	362760.0	0.788608695652174	-28.736044	4.437653	-3.2472312	-38.6369	63.209175	4.5294557	89.71356	-46.444607	9.155274e-09	-0.012959258	-7.8125e-07	-0.048427343	89.83175	-37.048954	17366.87	-233.51953	0	0	1.565204	0.0	1.818639	0.009104389	460000.0	4468.033104658127
23	-264.23798	100.216774	-59.273434	-450.2283	1357.5	1879.489	5320.0	0.0	1000.0	389910.0	0.8123125	-25.025913	4.0534844	-7.927863	-37.777683	54.302742	2.1547983	86.44476	-47.926235	0.0	-0.013421976	7.8125e-07	0.031020314	80.45878	-27.224266	56243.957	-4757.199	0	0	1.4979681	0.0	1.8267506	0.009588399	480000.0	4662.038763999939
24	-234.18718	82.08804	-48.79139	-356.34033	540.0	1029.1793	3850.0	0.0	1000.0	400710.0	0.80142	-25.52518	5.5962825	-5.2886996	-38.57104	96.61843	2.7111354	104.05315	21.319855	5.493164e-08	-0.013571997	1.953125e-07	-0.039091013	65.617455	-24.27692	18386.322	-1795.5781	0	0	1.4720937	0.0	1.8321705	0.009237031	500000.0	4858.119883775711
25	-225.5452	87.26588	-103.61197	-405.97577	945.5	1373.3844	4490.0	0.0	1000.0	419620.0	0.8069615384615385	-22.622242	5.107049	-2.9955533	-37.189648	67.24542	20.024275	97.64509	-80.00424	3.0517577e-09	-0.01403894	-1.8554688e-06	0.019349463	70.8556	-24.179653	40973.367	-1901.0156	0	0	1.3944639	0.0	1.874085	0.009108378	520000.0	5053.893031358719
26	-233.93562	125.73383	-66.757286	-503.53928	1050.5	1659.0493	4970.0	0.0	1000.0	440630.0	0.8159814814814815	-22.817951	5.0885053	-4.8490176	-40.258007	87.692924	4.433439	94.11719	-8.37861	-6.1035155e-09	-0.012509801	3.90625e-07	-0.08171757	119.46372	-45.935562	39471.38	-408.1328	0	0	1.6240474	0.0	1.8597978	0.009191747	540000.0	5254.872380495071
27	-240.72371	113.77009	-107.37934	-453.33334	207.0	859.5004	3950.0	0.0	1000.0	444770.0	0.7942321428571428	-23.038578	7.7416987	3.1693177	-46.640812	96.92085	2.884158	106.356255	-25.914183	-1.525879e-08	-0.013875788	-9.765625e-07	0.0071785157	122.66986	-51.663795	14536.949	-3505.3164	0	0	1.446777	0.0	1.8748016	0.008923573	560000.0	5448.546202421188
28	-229.21066	112.10765	-73.691734	-502.46283	487.0	1098.4584	4720.0	0.0	1000.0	454510.0	0.7836379310344828	-23.437729	7.112427	-1.5558405	-51.466602	60.57274	1.637159	77.66313	-43.716827	-7.629395e-09	-0.013545604	0.0	-0.04198164	135.26845	-60.886536	19829.447	-103.37109	0	0	1.4598918	0.0	1.888801	0.008976038	580000.0	5642.982452392578
29	-244.10938	99.103	-11.946125	-378.54654	670.5	1176.8156	4330.0	0.0	1000.0	467920.0	0.7798666666666667	-22.808079	6.8648477	8.5111265	-48.370285	53.622055	2.249653	77.281075	-20.896585	-3.6621095e-08	-0.0125143835	0.0	-0.17636874	97.77745	-35.24715	22104.732	-220.35547	0	0	1.6563001	0.0	1.8978194	0.008948801	600000.0	5837.855732917786
30	-252.66544	101.361275	-92.53266	-446.872	435.0	755.9861	2490.0	0.0	1000.0	476620.0	0.7687419354838709	-23.895369	7.0726814	2.6663997	-47.75356	59.634914	2.9262664	82.119576	-20.621656	2.1362304e-08	-0.013567217	9.765625e-07	-0.08390586	94.21337	-42.869873	12671.699	-174.33594	0	0	1.4484559	0.0	1.9205812	0.009216204	620000.0	6032.079238414764
31	-256.50238	97.20222	-57.345142	-391.9557	1206.0	2098.219	7510.0	0.0	1000.0	500740.0	0.78240625	-25.467953	7.264256	-2.239133	-46.76905	53.80746	3.253628	80.81411	-57.623924	-6.1035155e-09	-0.013988022	-2.34375e-06	-0.11528437	93.34857	-43.244045	64398.258	-3676.8516	0	0	1.4467369	0.0	1.8908367	0.009115465	640000.0	6225.466681480408
32	-236.68604	113.67222	-62.745937	-424.7717	788.0	1475.5189	5200.0	0.0	1000.0	516500.0	0.7825757575757576	-24.950829	6.344878	-0.43266457	-46.79877	91.388084	7.2769227	106.71241	-33.081364	-1.2969971e-08	-0.013093498	-1.953125e-07	0.02018418	98.59819	-42.21096	27032.385	-865.7949	0	0	1.5397176	0.0	1.903142	0.008677022	660000.0	6418.702129125595
33	-206.202	96.10158	-33.41898	-341.67667	1326.0	2076.8157	8240.0	0.0	1000.0	543020.0	0.7985588235294118	-22.725698	7.307215	0.9547036	-44.19251	75.58663	19.068	106.06307	-64.22211	2.746582e-08	-0.01463843	1.953125e-07	0.15879805	103.90879	-41.713535	61920.3	-2872.7344	0	0	1.4315009	0.0	1.924054	0.009141025	680000.0	6612.731155157089
34	-216.44131	97.13418	-27.109367	-383.27917	1002.5	1635.9122	5810.0	0.0	1000.0	563070.0	0.8043857142857143	-20.728355	6.576569	2.923385	-45.84981	113.15026	9.416595	119.05725	12.858776	-1.2207031e-08	-0.013916193	-1.953125e-07	0.110319436	98.58661	-50.430023	45427.33	-1373.4023	0	0	1.4979968	0.0	1.9448004	0.009267634	700000.0	6806.818853139877
35	-247.67253	107.96296	-74.5176	-427.1446	1655.5	1839.1995	5430.0	0.0	1000.0	596180.0	0.8280277777777778	-21.524082	7.9293823	14.338727	-50.16789	97.83287	28.95267	123.61589	-32.525253	-9.155274e-09	-0.012874312	0.0	-0.13535781	111.85611	-60.193233	78679.016	-5937.4766	0	0	1.5296907	0.0	1.9548107	0.008925634	720000.0	7001.710738182068
36	-183.84923	84.97438	-90.44842	-345.94644	1079.5	1723.196	5070.0	0.0	1000.0	617770.0	0.8348243243243243	-22.448624	8.331106	1.7082851	-46.406487	126.0479	38.172024	149.12367	-113.54492	-6.1035155e-09	-0.013565772	-3.90625e-07	-0.092155084	106.104416	-52.55152	41892.668	-4352.715	0	0	1.4839394	0.0	1.9579761	0.008754611	740000.0	7191.712290763855
37	-217.8005	80.99915	-49.995853	-353.7142	1121.0	1629.3491	5660.0	0.0	1000.0	640190.0	0.8423552631578948	-19.884636	5.7447267	2.9057128	-41.078415	93.24594	44.063995	157.35468	-62.77834	1.6021728e-08	-0.013483463	1.3671875e-06	0.07533144	60.08534	-25.620876	46986.777	-5599.0977	0	0	1.4930955	0.0	1.97655	0.0091055725	760000.0	7385.263547420502
38	-204.35123	99.05119	38.5231	-353.48322	1152.0	1638.025	6280.0	0.0	1000.0	663230.0	0.8502948717948718	-20.58087	6.4234915	3.5636337	-42.071655	107.6702	39.72039	162.00116	-147.25842	3.0517577e-09	-0.013616687	3.90625e-07	-0.04922754	117.81597	-45.071182	47813.477	-3337.7188	0	0	1.4846216	0.0	1.9605067	0.00903004	780000.0	7579.888077497482
39	-249.743	97.33217	-86.481575	-418.1296	1423.0	2065.6018	6530.0	0.0	1000.0	691690.0	0.8646125	-21.943233	7.546086	8.045037	-50.09809	106.17365	42.69519	163.40298	-51.42969	-1.373291e-08	-0.014016596	-9.765625e-08	-0.09083526	122.07656	-47.738167	65343.58	-5188.914	0	0	1.4286094	0.0	1.9492313	0.009143479	800000.0	7774.361284017563
40	-239.38818	93.41604	-72.46175	-393.46317	1215.5	1493.9928	4490.0	0.0	1000.0	716000.0	0.8731707317073171	-25.291466	6.8853407	3.8211162	-48.455868	120.39374	46.2259	178.22314	-82.11611	6.1035155e-09	-0.01407742	0.0	0.14467148	105.35732	-42.360886	45004.605	-5389.758	0	0	1.413665	0.0	1.934159	0.009179729	820000.0	7969.504663228989
41	-194.03355	90.8315	-30.271341	-334.49286	632.5	1325.7446	5430.0	0.0	1000.0	728650.0	0.8674404761904762	-21.250875	8.233777	15.841778	-42.027092	113.37005	39.367096	181.05981	-25.123959	1.2207031e-08	-0.013510707	-9.765625e-07	-0.033480078	139.26942	-53.051422	29195.648	-4589.6543	0	0	1.552155	0.0	1.9190056	0.009350932	840000.0	8164.235289812088
42	-201.696	90.16271	-50.352726	-358.8858	680.0	987.4462	3570.0	0.0	1000.0	742250.0	0.8630813953488372	-19.104027	6.264375	15.252173	-46.41035	68.251205	35.757637	182.5172	-70.79803	1.2207031e-08	-0.0118289385	-3.90625e-07	0.013091992	89.040016	-40.965908	22173.49	-3509.6875	0	0	1.6381627	0.0	1.9185275	0.008979035	860000.0	8358.835891485214
43	-257.29013	92.43512	-62.378773	-385.79364	1306.0	1716.0723	6010.0	0.0	1000.0	768370.0	0.8731477272727273	-21.825289	5.786491	2.055565	-45.808968	66.14684	29.56732	169.82007	-32.792095	-1.8310548e-08	-0.013729474	3.90625e-07	0.18068008	94.33791	-45.46318	65844.98	-8150.3984	0	0	1.4646338	0.0	1.9340597	0.009294677	880000.0	8554.820307731628
44	-219.84615	139.42201	20.460234	-635.2166	1089.0	1387.7964	4360.0	0.0	1000.0	790150.0	0.8779444444444444	-24.384514	7.343403	2.2835956	-55.96425	109.91486	45.253456	192.0777	-30.999607	-9.155274e-09	-0.012232747	0.0	-0.19699804	169.15381	-77.81098	44022.68	-6643.586	0	0	1.6556828	0.0	1.9308126	0.0089404555	900000.0	8749.177940130234
45	-237.72781	97.295616	-106.23124	-441.1842	974.0	1404.4194	4150.0	0.0	1000.0	809630.0	0.8800326086956521	-22.429243	8.995425	15.894141	-51.468777	103.15045	37.872475	193.85275	-8.962101	4.577637e-09	-0.014418465	-6.835937e-07	0.14451651	110.8625	-61.82481	33502.145	-3813.8477	0	0	1.4178612	0.0	1.9303203	0.009024842	920000.0	8944.459878921509
46	-215.99814	83.41623	-73.19106	-400.4963	644.0	741.83154	2470.0	0.0	1000.0	822510.0	0.8750106382978723	-22.559484	6.7784896	7.9470744	-52.848747	91.79582	37.231155	198.11688	-4.8315353	-8.392334e-09	-0.015100553	-1.5625e-06	0.018876562	99.26991	-42.967518	20055.707	-2895.295	0	0	1.3675255	0.0	1.9345604	0.00892919	940000.0	9138.552104949951
47	-159.0378	106.43285	48.93672	-341.931	1061.5	1121.8701	4050.0	0.0	1000.0	843740.0	0.8788958333333333	-19.632013	7.087231	8.966392	-52.129925	71.55158	28.085777	191.68086	-21.493967	-2.746582e-08	-0.015043588	9.765625e-07	-0.059003126	166.13968	-91.07182	39704.01	-4256.1016	0	0	1.4406852	0.0	1.9273312	0.009252217	960000.0	9332.84863781929
48	-192.69022	92.60962	-26.022604	-376.03452	1218.0	1548.8854	4820.0	0.0	1000.0	868100.0	0.8858163265306123	-17.02916	8.586844	29.34405	-44.548447	90.8899	37.06473	201.67519	-21.21146	-9.155274e-09	-0.013629373	1.171875e-06	-0.09982402	120.80872	-65.49338	42550.957	-6052.4023	0	0	1.4583904	0.0	1.935341	0.009345128	980000.0	9526.852097034454
49	-170.68948	72.48356	-18.13256	-308.6183	1274.5	1784.6022	5800.0	0.0	1000.0	893590.0	0.89359	-17.363255	7.540728	22.74207	-48.597572	113.22703	41.530025	211.18526	-7.76011	1.0681152e-08	-0.013697771	0.0	-0.14770977	89.418015	-45.627728	53271.49	-7424.5977	0	0	1.4824777	0.0	1.9327126	0.009079321	1000000.0	9721.20106458664
50	-218.49698	139.74037	-5.3747563	-500.3203	1435.0	1454.0477	4310.0	0.0	1000.0	922290.0	0.9042058823529412	-17.940737	6.916805	13.8564625	-41.430527	109.73474	49.543015	220.98064	-70.90985	2.4414062e-08	-0.013318841	7.8125e-07	-0.32609844	205.72267	-126.55893	45574.77	-11117.609	0	0	1.4988223	0.0	1.9380065	0.008848598	1020000.0	9916.83878993988
51	-198.59877	71.187706	-82.293	-330.28796	1477.5	1799.1633	6740.0	0.0	1000.0	951840.0	0.9152307692307692	-19.385237	8.736096	21.748627	-52.005745	123.38695	54.218243	239.0506	-51.67754	-1.5258789e-09	-0.013488158	-1.5625e-06	-0.17765781	87.03095	-51.76593	67256.836	-9151.863	0	0	1.4952133	0.0	1.9256852	0.009304867	1040000.0	10110.511770486832
52	-209.2275	171.56212	25.522387	-679.6745	1615.5	2371.9348	9660.0	0.0	1000.0	984150.0	0.9284433962264151	-18.512394	7.7495794	14.120887	-46.113644	132.5044	64.56301	256.78925	-46.222363	-2.89917e-08	-0.011935676	2.34375e-06	0.03059336	282.3112	-169.04356	97846.305	-15217.977	0	0	1.682543	0.0	1.9231268	0.009359464	1060000.0	10305.47841668129
53	-199.03674	128.70216	8.179051	-468.57468	1398.0	1496.4344	5230.0	0.0	1000.0	1012110.0	0.9371388888888889	-20.038795	11.704978	33.478577	-65.22704	144.19514	63.06365	274.5609	-15.2642975	-6.4849854e-09	-0.014115863	-3.90625e-07	0.10544404	224.10077	-127.94343	47856.766	-8582.492	0	0	1.4158968	0.0	1.9207227	0.00944069	1080000.0	10499.68758893013
54	-212.67801	165.1027	-30.718037	-687.16205	1094.0	1118.1476	3800.0	0.0	1000.0	1033990.0	0.9399909090909091	-19.5421	11.592844	42.77185	-58.936245	131.9684	62.088398	282.95914	-75.12693	0.0	-0.013055069	-5.859375e-07	-0.17042266	302.70685	-187.228	33275.074	-7465.8164	0	0	1.5422603	0.0	1.9325969	0.009144355	1100000.0	10694.359918832779
55	-145.39397	124.93154	70.67795	-358.1214	538.5	882.12964	3250.0	0.0	1000.0	1044760.0	0.9328214285714286	-17.236814	12.8182535	53.172718	-68.10641	82.07433	50.696	279.9117	-73.756355	1.2969971e-08	-0.0132318325	3.90625e-07	-0.16180234	272.2439	-165.97375	17372.86	-4974.165	0	0	1.655312	0.0	1.9389806	0.009403817	1120000.0	10889.22691488266
56	-136.56306	108.159485	37.554222	-370.02817	1262.0	1651.4224	6480.0	0.0	1000.0	1070000.0	0.9385964912280702	-14.566719	11.969616	64.86661	-49.808506	57.024662	38.19305	267.7125	-44.909763	1.525879e-08	-0.01354519	2.34375e-06	-0.121939845	196.4046	-124.56032	50502.543	-14083.574	0	0	1.4528959	0.0	1.9572164	0.009521969	1140000.0	11083.887948036194
57	-164.57271	140.1206	67.52738	-505.16306	1191.5	1187.5027	4370.0	0.0	1000.0	1093830.0	0.9429568965517241	-14.526128	10.989856	64.98138	-51.88043	106.19619	76.08804	295.5152	-108.57421	-7.629395e-09	-0.013227411	3.90625e-07	0.05110117	205.9568	-133.75476	42303.414	-10441.3125	0	0	1.4950789	0.0	1.9455645	0.009334947	1160000.0	11278.599043607712
58	-98.07824	61.92113	7.128562	-246.51382	795.0	915.92303	2840.0	0.0	1000.0	1109730.0	0.9404491525423729	-12.09213	10.639387	59.549713	-57.442543	110.43936	65.670074	305.36337	-69.16896	-3.0517577e-09	-0.013292656	3.90625e-07	0.013897266	157.65685	-100.92891	28700.31	-7186.537	0	0	1.5188395	0.0	1.9239271	0.009468052	1180000.0	11472.760158777237
59	-133.69614	157.43088	39.339775	-530.4048	1312.0	1169.5067	4180.0	0.0	1000.0	1135970.0	0.9466416666666667	-10.076388	9.577565	71.71401	-44.590218	85.686	51.02699	295.00513	-45.670067	-3.0517577e-09	-0.013543778	2.34375e-06	0.10065859	376.45566	-249.4827	43634.766	-11140.645	0	0	1.4552841	0.0	1.9170023	0.0085583	1200000.0	11667.922556638718
60	-209.33965	149.28502	-35.165417	-665.4422	1568.5	1575.7673	4730.0	0.0	1000.0	1167340.0	0.9568360655737705	-12.402181	14.096224	63.899944	-60.51627	116.80169	61.485756	310.21918	-54.851837	-3.051758e-08	-0.015300644	5.46875e-06	-0.20271993	283.00577	-193.11215	55854.68	-15092.238	0	0	1.3943493	0.0	1.9113383	0.009332746	1220000.0	11863.29459118843
61	-202.94878	145.84337	-3.1593666	-514.6024	1774.0	1750.6124	6140.0	0.0	1000.0	1202820.0	0.9700161290322581	-18.754179	11.289331	35.19289	-67.22977	142.20932	65.28613	325.3006	-55.510277	6.1035155e-09	-0.014584801	2.9296875e-06	-0.31548846	259.91254	-169.73338	56280.62	-14079.391	0	0	1.513826	0.0	1.9358553	0.00943662	1240000.0	12058.367236852646
62	-92.747215	133.20834	108.60088	-402.99637	1172.5	1010.61304	3450.0	0.0	1000.0	1226270.0	0.9732301587301587	-13.679722	14.394127	69.69132	-61.22294	169.3539	63.020718	339.4988	-1.062557	1.373291e-08	-0.014494338	-1.953125e-07	0.0024076172	331.14172	-189.9142	37755.11	-8764.994	0	0	1.4046856	0.0	1.9286741	0.009141522	1260000.0	12253.583055496216
63	-141.37814	141.05699	118.512085	-542.9534	1322.0	1992.269	8080.0	0.0	1000.0	1252710.0	0.9786796875	-9.719893	14.9238825	79.52287	-54.42209	122.8217	44.81947	337.00516	-36.93668	4.577637e-09	-0.013070484	7.8125e-07	-0.17679022	237.1564	-146.3446	53905.945	-13848.227	0	0	1.5139662	0.0	1.9010984	0.009504142	1280000.0	12448.034121990204
64	-111.559265	154.4794	120.21521	-423.63956	1174.5	1069.8386	2770.0	0.0	1000.0	1276200.0	0.9816923076923076	-12.135493	14.229123	79.19737	-60.742863	110.34602	68.65397	364.14438	-64.426254	-1.0681152e-08	-0.015000116	-3.90625e-07	-0.08540235	306.69977	-197.01755	35932.574	-9645.256	0	0	1.3792461	0.0	1.8814392	0.009262393	1300000.0	12643.005286455154
65	-96.00724	119.00943	117.06506	-387.05017	702.5	827.03	2310.0	0.0	1000.0	1290250.0	0.9774621212121212	-9.805213	14.896807	93.74614	-55.085583	102.52769	60.225746	361.37137	-98.691345	9.155274e-09	-0.014355088	-7.8125e-07	-0.056580078	327.2501	-201.818	24424.904	-7595.1914	0	0	1.4461335	0.0	1.8841642	0.009247139	1320000.0	12838.588014364243
66	-75.58822	127.422844	161.00073	-294.3258	1132.5	1148.9685	3400.0	0.0	1000.0	1312900.0	0.979776119402985	-6.23859	17.112509	83.12252	-51.299927	76.46569	51.544262	352.60074	-55.817455	-1.9073486e-10	-0.012861557	7.8125e-07	0.012566113	316.13074	-198.71967	42916.207	-11192.037	0	0	1.5231817	0.0	1.8865271	0.0093813175	1340000.0	13033.32530260086
67	-92.89682	102.48404	49.547855	-345.46936	1764.0	1989.9984	6980.0	0.0	1000.0	1348180.0	0.9913088235294117	-6.8596745	14.261192	78.01912	-51.179436	104.13273	67.72051	369.82257	-84.79334	7.629395e-09	-0.013282031	-1.5625e-06	0.14128663	229.12704	-148.64603	81925.03	-23037.0	0	0	1.5010192	0.0	1.8615203	0.009373866	1360000.0	13228.639307498932
68	-111.162636	119.88194	94.65534	-432.05313	1460.5	2104.9785	7900.0	0.0	1000.0	1377390.0	0.9981086956521739	-7.6367273	17.365252	79.89567	-56.36166	178.39966	88.28567	392.55426	-66.98955	1.6784668e-08	-0.015240964	7.8125e-07	-0.19606796	327.16226	-211.41223	82578.51	-22449.816	0	0	1.3645668	0.0	1.830159	0.009243539	1380000.0	13423.885178565979
69	-101.857864	112.79019	114.565445	-366.1891	1034.5	1364.3917	4800.0	0.0	1000.0	1398080.0	0.9986285714285714	-7.7995515	13.993049	72.60614	-63.812237	111.203064	74.83282	419.41272	-88.47743	0.0	-0.012809343	6.835937e-07	-0.006205176	256.53345	-167.00945	32215.584	-10627.5	0	0	1.5689611	0.0	1.8363651	0.009439186	1400000.0	13618.551465272903
70	-48.996128	101.088295	139.45247	-225.00269	902.5	1239.463	4240.0	0.0	1000.0	1416130.0	0.9972746478873239	-6.486874	16.202053	84.38032	-62.259476	86.19334	65.968155	423.51068	-95.37303	3.0517577e-09	-0.013290945	2.734375e-06	-0.06596875	291.44916	-177.88536	35093.16	-8577.572	0	0	1.4960934	0.0	1.8295165	0.009109022	1420000.0	13813.775451421738
71	-89.44859	116.98537	42.649807	-456.79785	1174.5	1908.7362	6760.0	0.0	1000.0	1439620.0	0.9997361111111112	-6.4786625	16.73443	95.01296	-56.377064	90.6824	69.48396	400.18933	-100.12117	1.1444092e-09	-0.01329555	1.5625e-06	-0.30738592	264.18225	-176.31978	58515.21	-17452.914	0	0	1.5220983	0.0	1.810683	0.009657367	1440000.0	14008.09150671959
72	-87.14798	169.57045	150.71347	-490.78275	1401.0	1541.0966	4940.0	0.0	1000.0	1467640.0	1.0052328767123289	-7.2351923	18.407757	103.188774	-54.29063	115.216774	86.058525	437.60098	-97.27109	1.9836426e-08	-0.014754592	-3.90625e-06	-0.19748086	381.921	-259.8385	59409.46	-17834.727	0	0	1.3630465	0.0	1.7957122	0.009254731	1460000.0	14203.650873422623
73	-66.482735	155.61977	158.62653	-460.30966	1389.0	1306.3341	3660.0	0.0	1000.0	1495420.0	1.010418918918919	-5.3230877	18.369518	95.440506	-61.326023	126.81179	72.92823	445.1289	-94.34698	-1.8310548e-08	-0.01353634	-3.90625e-07	-0.14170937	415.5875	-278.6377	42803.01	-13320.998	0	0	1.4680661	0.0	1.8186588	0.009343353	1480000.0	14398.674433231354
74	-64.648636	188.70914	163.07697	-484.18	1971.0	1996.8596	7210.0	0.0	1000.0	1534840.0	1.0232266666666667	-4.742786	19.996735	94.69261	-65.99039	140.52338	90.06127	457.28537	-102.49398	9.155274e-09	-0.015536383	2.34375e-06	-0.2885551	455.94266	-304.2096	72103.14	-19850.867	0	0	1.323256	0.0	1.8318322	0.009147792	1500000.0	14592.912311553955
75	-100.9825	201.6851	238.19092	-703.46405	1735.5	1644.6594	4670.0	0.0	1000.0	1569550.0	1.0325986842105264	-7.0988517	23.063557	97.66876	-74.688705	180.00087	95.86194	479.87814	-45.20446	1.373291e-08	-0.013600538	7.8125e-07	-0.1698289	408.0141	-272.61737	59307.11	-14406.211	0	0	1.4325553	0.0	1.8273169	0.00930287	1520000.0	14789.15871143341
76	-40.212685	153.62773	160.3367	-491.49063	1158.5	1142.1614	3210.0	0.0	1000.0	1592720.0	1.0342337662337662	-5.2396	19.462412	93.7782	-60.441784	161.2836	76.43963	482.87833	-87.29737	3.0517577e-09	-0.014131271	-3.90625e-07	0.11319941	372.86	-262.38	41579.188	-14491.848	0	0	1.4561666	0.0	1.818874	0.009317847	1540000.0	14983.691626787186
77	-55.210976	205.25983	355.55847	-500.28952	1878.0	1736.7544	5450.0	0.0	1000.0	1630280.0	1.045051282051282	-4.0078588	21.57193	99.57302	-63.63294	127.82671	95.58906	471.5463	-91.73038	2.4414062e-08	-0.015156029	3.90625e-07	-0.12106953	415.50464	-296.97403	64168.41	-20783.055	0	0	1.3562182	0.0	1.8278694	0.009651642	1560000.0	15178.99611377716
78	-103.89402	166.45293	52.200577	-544.83276	1682.5	2140.1282	8400.0	0.0	1000.0	1663930.0	1.053120253164557	-4.872907	26.699432	110.31315	-70.44642	176.47795	110.11085	499.59357	-66.00475	-3.8146974e-09	-0.014925556	1.171875e-06	-0.12553458	403.22406	-285.27625	53272.12	-16033.855	0	0	1.3788867	0.0	1.8402131	0.00951969	1580000.0	15375.373592376709
79	-77.10368	145.97835	165.14143	-443.2049	1314.5	1440.321	5550.0	0.0	1000.0	1690220.0	1.0563875	-7.761689	22.437563	97.667465	-70.57288	149.30502	107.78016	529.63275	-65.938515	1.8310548e-08	-0.014117477	-1.171875e-06	-0.12660488	370.60632	-239.03401	33454.875	-10931.516	0	0	1.3548485	0.0	1.8436472	0.0092571555	1600000.0	15571.594962835312
80	-74.70493	153.07251	171.02295	-435.92776	1391.5	1595.8862	5590.0	0.0	1000.0	1718050.0	1.0605246913580246	-4.399851	22.062624	94.59661	-61.39373	119.13279	96.932686	516.6207	-43.875206	3.0517577e-09	-0.01429532	0.0	-0.11266289	353.1071	-240.89769	45903.78	-13421.406	0	0	1.3791549	0.0	1.8324211	0.009478407	1620000.0	15768.39260482788
81	-36.04342	189.68184	210.64781	-517.7301	1259.0	1458.5913	5660.0	0.0	1000.0	1743230.0	1.0629451219512196	-4.4570475	22.388573	93.788506	-63.877296	133.25842	103.49653	526.2675	-194.56323	9.155274e-09	-0.014580552	-1.171875e-06	-0.013120508	489.35895	-320.5481	49582.77	-15796.797	0	0	1.3223423	0.0	1.8258452	0.009161877	1640000.0	15964.179386377335
82	-33.43983	127.072624	259.7652	-275.48648	990.0	1061.838	3330.0	0.0	1000.0	1763030.0	1.062066265060241	-1.4733533	22.878965	101.13676	-68.7808	108.02661	101.467064	542.646	-86.23433	-1.2207031e-08	-0.013110925	-1.171875e-06	-0.4618921	436.5822	-286.11832	41559.8	-13570.348	0	0	1.4686258	0.0	1.8113604	0.009311122	1660000.0	16159.182013750076
83	-71.39054	202.62451	361.8693	-474.81137	1193.0	932.1647	3080.0	0.0	1000.0	1786890.0	1.063625	-2.832977	24.188385	104.14773	-60.027706	96.420555	86.4185	530.664	-94.82921	-6.1035155e-09	-0.015233044	1.3671875e-06	-0.2091836	454.64456	-295.75244	34854.46	-11189.674	0	0	1.290376	0.0	1.7924926	0.009276761	1680000.0	16354.850597381592
84	-25.967346	200.21182	306.17465	-527.322	1334.5	1632.037	5560.0	0.0	1000.0	1813580.0	1.0668117647058823	-3.4314382	23.17842	103.337036	-70.66174	112.467964	75.6333	517.5157	-100.60334	1.0681152e-08	-0.015160531	-5.859375e-07	-0.19661504	443.8547	-288.96152	39811.01	-15643.99	0	0	1.3374319	0.0	1.7953959	0.009330766	1700000.0	16550.820721149445
85	-13.8626995	207.59842	278.0379	-488.89316	904.5	1117.9556	4060.0	0.0	1000.0	1831670.0	1.0649244186046511	1.1430193	25.226511	106.433174	-70.92808	112.2833	100.18315	551.65894	-140.56482	9.155274e-09	-0.015250885	-1.953125e-07	-0.0866293	498.6216	-335.00055	28119.756	-9524.342	0	0	1.3302085	0.0	1.8027409	0.009453387	1720000.0	16747.370977401733
86	-42.69084	244.6384	351.59607	-508.6255	1406.5	1243.4801	4230.0	0.0	1000.0	1859800.0	1.0688505747126438	-2.0584495	28.575216	111.866806	-81.325325	105.548935	89.500946	536.2345	-117.315506	-9.155274e-09	-0.013680087	-2.34375e-06	0.0026203124	558.4474	-362.00482	40657.004	-12529.23	0	0	1.452963	0.0	1.808455	0.009194545	1740000.0	16942.85587120056
87	-35.82702	188.62912	285.72403	-472.0614	1394.5	1116.6399	3910.0	0.0	1000.0	1887690.0	1.0725511363636364	-2.8993106	27.260668	121.83441	-81.34428	112.387436	80.923134	475.7199	-225.44952	-2.746582e-08	-0.015105577	-7.8125e-07	-0.24586251	471.53204	-296.63025	41441.605	-11101.801	0	0	1.340843	0.0	1.8081973	0.0094098775	1760000.0	17137.989703416824
88	-54.276684	180.44336	186.20279	-468.68704	1117.0	1158.3915	3560.0	0.0	1000.0	1910030.0	1.0730505617977528	-0.6867743	26.432388	120.50022	-73.293106	138.10875	85.99388	516.3655	-30.825771	9.155274e-09	-0.013538727	-1.953125e-07	-0.15956093	512.7059	-340.18427	26329.94	-10948.173	0	0	1.4566667	0.0	1.8269801	0.009297947	1780000.0	17333.64075922966
89	-78.853035	256.14545	329.86923	-520.76587	1671.0	1818.092	7170.0	0.0	1000.0	1943450.0	1.0796944444444445	-6.007697	27.585615	107.75921	-71.71383	125.551674	99.036446	481.0124	-87.576614	-1.8310548e-08	-0.015153699	-3.90625e-07	-0.156175	505.0617	-342.50116	42234.477	-19407.268	0	0	1.3126106	0.0	1.7976372	0.009422811	1800000.0	17529.282691955566
90	-40.484444	250.06097	361.42087	-578.3741	1750.5	2008.162	8620.0	0.0	1000.0	1978460.0	1.087065934065934	-4.292743	30.88279	111.37012	-75.16527	155.95726	135.89117	563.87964	-142.62662	6.1035155e-09	-0.013474146	-7.8125e-07	-0.18289375	511.1264	-347.39014	60035.88	-22816.883	0	0	1.4519728	0.0	1.7905599	0.009229505	1820000.0	17726.393815994263
91	-20.179815	248.00232	468.68137	-487.44138	1608.0	1918.0762	7390.0	0.0	1000.0	2010620.0	1.0927282608695652	-3.8075168	33.047398	115.68543	-73.63353	159.80956	129.68356	616.3003	-71.11825	1.2207031e-08	-0.015661959	-1.171875e-06	-0.2932512	544.80676	-365.2901	52496.77	-23485.121	0	0	1.2763604	0.0	1.7865174	0.009319071	1840000.0	17922.281505584717
92	4.980329	184.53806	351.4799	-455.12875	1069.5	1076.7612	3320.0	0.0	1000.0	2032010.0	1.0924784946236559	7.7325478	31.210253	124.25833	-83.34584	118.27541	122.64542	635.53046	-109.83139	9.155274e-09	-0.014227451	-1.171875e-06	0.0113072265	495.1373	-339.14368	37027.348	-9107.369	0	0	1.3976494	0.0	1.789429	0.009289826	1860000.0	18118.701761484146
93	133.85628	162.19084	424.31204	-180.79907	753.0	709.97955	2170.0	0.0	1000.0	2047070.0	1.0888670212765958	10.369408	28.015472	122.05864	-70.66373	91.92285	58.092724	598.09106	-77.68641	-1.5258789e-09	-0.014671582	9.765625e-08	-0.26951873	613.23883	-387.51282	21922.602	-4844.629	0	0	1.4112037	0.0	1.7713459	0.009718375	1880000.0	18314.563446760178
94	-11.485453	215.86615	312.19257	-558.74054	1650.5	1472.2651	5500.0	0.0	1000.0	2080080.0	1.094778947368421	6.8103514	32.126602	128.01822	-64.10024	102.55485	73.978226	511.2629	-64.209206	-1.2207031e-08	-0.014498605	3.90625e-07	-0.07129648	522.76404	-345.03833	64726.594	-21521.754	0	0	1.3852605	0.0	1.7734721	0.009335466	1900000.0	18510.88728785515
95	-78.43764	296.742	528.0124	-497.30283	1780.0	1598.4648	5370.0	0.0	1000.0	2115680.0	1.1019166666666667	-4.8567443	31.294983	112.60158	-71.755714	187.40622	148.39453	655.5044	-27.525455	9.155274e-09	-0.014007312	7.8125e-07	-0.14690585	652.1968	-473.87088	36556.223	-18823.512	0	0	1.4529417	0.0	1.7753241	0.009351424	1920000.0	18708.435156345367
96	-35.400177	315.5847	487.0956	-554.4091	2177.5	1971.1262	6570.0	0.0	1000.0	2159230.0	1.1130051546391753	-1.3147746	38.445236	119.70029	-74.76615	164.64322	128.50862	627.9309	-78.954994	-4.577637e-09	-0.014244166	2.34375e-06	-0.19978057	600.1435	-378.8402	55661.734	-23891.51	0	0	1.3654363	0.0	1.7818241	0.009193916	1940000.0	18904.59282040596
97	66.96412	255.1487	398.20508	-458.36316	1293.5	1447.592	5990.0	0.0	1000.0	2185100.0	1.1148469387755102	6.53342	36.254364	125.60121	-73.05938	171.3493	151.25044	681.2309	-72.93829	-9.155274e-09	-0.01377151	-1.2695313e-06	-0.2839911	595.14355	-365.29373	30318.47	-12036.82	0	0	1.436983	0.0	1.7541331	0.009206972	1960000.0	19100.186459302902
98	51.94924	303.83514	534.45245	-543.36865	1814.5	2025.1456	5990.0	0.0	1000.0	2221390.0	1.1219141414141414	7.366709	34.739002	123.456535	-71.86055	127.8535	129.48029	681.7971	-103.77177	0.0	-0.014550771	-1.5625e-06	-0.12267187	631.99756	-387.2619	78683.945	-37778.598	0	0	1.3726035	0.0	1.7640901	0.009214138	1980000.0	19296.064388275146
99	50.477272	280.86728	490.04413	-515.79254	1823.5	1974.6553	8050.0	0.0	1000.0	2257860.0	1.12893	8.022371	38.75301	131.3567	-75.51822	163.76044	170.22723	704.33685	-50.08395	3.0517577e-09	-0.013600003	-1.5625e-06	-0.271009	546.3319	-326.70114	49123.1	-19555.574	0	0	1.467134	0.0	1.7578657	0.009534542	2000000.0	19493.899019241333
