Epoch	AverageEpRet	StdEpRet	MaxEpRet	MinEpRet	AverageEpCost	StdEpCost	MaxEpCost	MinEpCost	EpLen	CumulativeCost	CostRate	AverageVVals	StdVVals	MaxVVals	MinVVals	AverageCostVVals	StdCostVVals	MaxCostVVals	MinCostVVals	LossPi	DeltaLossPi	SurrCost	DeltaSurrCost	LossV	DeltaLossV	LossVC	DeltaLossVC	Penalty	DeltaPenalty	Alpha	BacktrackIters	Entropy	KL	TotalEnvInteracts	Time
0	-269.98965	108.409775	-79.41213	-493.04114	1646.5	2023.3716	5530.0	0.0	1000.0	32930.0	1.6465	0.69929886	0.4511447	2.0111656	-1.3606917	-0.4061814	0.2404047	0.82843405	-1.347798	1.5258789e-09	-0.012932775	-1.5625e-06	-0.30322033	770.3502	-628.4733	82109.555	-10503.484	0	0	1.5490234	0.0	1.837877	0.009106705	20000.0	201.51735043525696
1	-307.97192	67.656525	-172.30931	-489.76392	1127.5	1700.4966	5280.0	0.0	1000.0	55480.0	1.387	-24.20707	1.5147328	13.770597	-24.745287	39.64615	1.1678357	39.794884	-16.322613	9.155274e-09	-0.011799951	4.6875e-06	-0.22856973	90.41023	-36.553345	55666.355	-1808.0898	0	0	1.6540233	0.0	1.854655	0.008969494	40000.0	400.27432346343994
2	-294.0368	119.09146	-58.262394	-606.4291	973.5	1627.7693	5300.0	0.0	1000.0	74950.0	1.2491666666666668	-30.013515	1.1430222	14.844686	-30.317636	53.801445	1.5195035	53.939156	-18.41179	0.0	-0.013117932	-1.171875e-06	-0.0049125	133.81506	-1.236969	38255.125	-549.39453	0	0	1.518848	0.0	1.8756958	0.008658488	60000.0	599.1973602771759
3	-285.6234	111.01663	-53.149506	-466.04037	1370.0	1937.8569	6360.0	0.0	1000.0	102350.0	1.279375	-29.458725	1.333821	21.580091	-29.805656	62.38671	2.099278	62.542286	-50.725975	3.6621095e-08	-0.012493569	-2.5390625e-06	-0.14488985	116.90835	-1.7936325	63724.562	-1920.75	0	0	1.563692	0.0	1.8796792	0.008866091	80000.0	798.3676688671112
4	-299.15976	101.3878	-137.55739	-536.3618	874.5	1233.4119	4170.0	0.0	1000.0	119840.0	1.1984	-28.674582	0.7781418	-0.73289514	-28.944595	78.427765	2.0921104	78.562904	-28.425869	1.525879e-08	-0.012149326	3.90625e-07	-0.16167694	99.53634	-2.16922	26325.508	-19.546875	0	0	1.5832816	0.0	1.8747563	0.008814261	100000.0	995.9589834213257
5	-328.5661	121.05721	-121.202	-529.2147	418.0	778.9005	2960.0	0.0	1000.0	128200.0	1.0683333333333334	-29.66469	0.6333125	-0.6461942	-29.976288	80.67561	1.1219201	80.74583	-9.915288	9.155274e-09	-0.013034885	-3.90625e-07	-0.030331055	147.10704	-8.91217	13221.719	-533.0244	0	0	1.5476742	0.0	1.8693674	0.008894674	120000.0	1194.5791902542114
6	-276.73492	111.95049	-55.75315	-442.79507	777.0	1367.7576	4270.0	0.0	1000.0	143740.0	1.0267142857142857	-32.61369	0.78048706	0.33219934	-32.797817	71.35303	3.869066	71.70833	-64.06256	-1.525879e-08	-0.012861796	1.7578125e-06	-0.1210043	138.77533	-22.260818	25355.75	-78.61133	0	0	1.5570388	0.0	1.8495135	0.008976337	140000.0	1392.7353084087372
7	-250.39844	89.54166	-62.284336	-460.36237	1027.5	2003.3344	6460.0	0.0	1000.0	164290.0	1.0268125	-27.923203	1.1190156	-8.280989	-28.597027	71.31075	7.163507	72.74136	-67.00154	-1.0681152e-08	-0.012782262	0.0	-0.4643793	86.06391	-8.358414	54584.18	-585.2422	0	0	1.529511	0.0	1.8496861	0.008792407	160000.0	1591.5200123786926
8	-279.89935	120.384796	-53.867706	-498.97403	421.5	1135.708	3870.0	0.0	1000.0	172720.0	0.9595555555555556	-25.309536	0.6617569	5.6806936	-25.980389	82.08236	1.6765134	82.19347	-7.0551457	6.713867e-08	-0.013057989	1.953125e-07	-0.10853535	135.86392	-9.710075	17503.7	-829.53125	0	0	1.5318307	0.0	1.8338652	0.008931827	180000.0	1790.2975420951843
9	-281.1688	99.26026	-143.48491	-520.67285	1301.0	1782.1051	4870.0	0.0	1000.0	198740.0	0.9937	-27.643353	1.247798	12.085691	-29.308369	68.2382	10.979779	71.3457	-66.73991	3.6621095e-08	-0.013251281	1.953125e-07	-0.07195938	95.92642	-6.039032	54602.33	-2348.9883	0	0	1.4880012	0.0	1.8744295	0.008703682	200000.0	1989.5039660930634
10	-241.62125	104.78711	-42.419163	-422.40125	363.5	1134.8008	5040.0	0.0	1000.0	206010.0	0.9364090909090909	-28.050434	1.8824698	22.845469	-30.687544	89.583885	1.6252288	89.6758	-13.772868	-4.8828124e-08	-0.012411798	-1.171875e-06	-0.016329298	109.66643	-18.272362	18514.004	-1273.3418	0	0	1.59507	0.0	1.8667891	0.008940897	220000.0	2187.8797132968903
11	-232.9161	117.37422	-72.903366	-454.33344	514.0	1496.1396	5180.0	0.0	1000.0	216290.0	0.9012083333333333	-24.937723	2.8451118	-0.17189734	-29.644093	73.366776	9.715771	74.8563	-72.036736	3.051758e-08	-0.011476007	1.953125e-06	-0.007359375	126.2421	-15.571419	26822.479	-1053.8906	0	0	1.7742585	0.0	1.8912829	0.008982698	240000.0	2385.969340801239
12	-255.73245	96.23619	-104.4272	-470.95178	458.5	820.867	2260.0	0.0	1000.0	225460.0	0.8671538461538462	-23.518562	3.104882	-3.2772813	-29.307224	46.07117	16.500631	69.784035	-38.94367	0.0	-0.012593066	-7.5683596e-07	0.042174097	91.026115	-14.525612	12892.19	-857.58203	0	0	1.5881215	0.0	1.8828135	0.008811114	260000.0	2584.4077150821686
13	-225.53085	71.46089	-109.69906	-340.1962	1268.5	1538.2043	4280.0	0.0	1000.0	250830.0	0.8958214285714285	-25.282722	3.1142447	17.152273	-31.5582	43.999382	7.150333	70.827896	-10.312892	6.1035155e-09	-0.012893079	-1.171875e-06	-0.057013083	58.1055	-13.564404	54948.38	-5253.4062	0	0	1.5089201	0.0	1.8869735	0.008172569	280000.0	2782.6149814128876
14	-193.25467	67.74555	-84.68639	-350.09973	733.5	1343.7869	5030.0	0.0	1000.0	265500.0	0.885	-22.600702	2.6422226	2.658919	-27.759827	90.839035	2.1725512	90.97075	-72.1805	-1.9836426e-08	-0.01320573	0.0	-0.049264453	59.24809	-21.354507	30306.766	-222.74023	0	0	1.5042962	0.0	1.8914063	0.009012587	300000.0	2980.124186515808
15	-274.0339	116.8858	-88.24923	-462.68756	542.5	1302.1094	4910.0	0.0	1000.0	276350.0	0.86359375	-19.68024	2.6224306	-7.4362535	-27.791115	85.72385	1.4642383	88.199295	11.458763	1.2207031e-08	-0.011759708	1.7578125e-06	0.039669335	165.22795	-56.85074	21615.43	-1251.498	0	0	1.6367469	0.0	1.8857124	0.0083735855	320000.0	3178.862768650055
16	-239.25887	104.50872	-64.818565	-488.96472	268.0	543.2826	2010.0	0.0	1000.0	281710.0	0.8285588235294118	-26.765474	3.9708214	-6.9923487	-33.552204	55.56989	17.405848	82.83368	-20.94894	-3.051758e-08	-0.01278714	-4.882813e-07	0.01824829	98.798065	-19.795456	8123.841	-1257.9927	0	0	1.5667007	0.0	1.8800998	0.009462801	340000.0	3371.477233171463
17	-276.3249	119.580986	-82.50056	-549.5253	853.5	1217.059	3680.0	0.0	1000.0	298780.0	0.8299444444444445	-24.824718	4.0689654	-3.7868378	-33.77844	26.205437	6.603048	60.538124	-60.462723	4.2724608e-08	-0.014097888	7.8125e-07	0.02062168	123.12964	-29.629112	32815.81	-2891.2578	0	0	1.40558	0.0	1.9003587	0.009197402	360000.0	3569.6735146045685
18	-215.52007	80.87227	-68.4044	-360.51065	391.5	775.52094	2290.0	0.0	1000.0	306610.0	0.8068684210526316	-25.326143	5.2715344	-1.5285938	-39.817207	63.725258	7.7642155	89.49808	2.6017015	3.051758e-08	-0.013464459	-1.8554688e-06	-0.0703333	81.982086	-37.36803	12144.103	-596.40625	0	0	1.4810772	0.0	1.8625278	0.0092001315	380000.0	3767.4370844364166
19	-286.7779	113.714325	-99.87058	-538.25323	880.5	1445.8127	4700.0	0.0	1000.0	324220.0	0.81055	-22.130365	3.5639217	12.561736	-35.35833	50.429237	2.2437696	76.985016	-31.950197	6.1035155e-09	-0.012316968	1.5625e-06	0.1396039	143.2166	-59.339363	30117.104	-1425.6289	0	0	1.5840479	0.0	1.8473105	0.008789983	400000.0	3966.0646889209747
20	-294.13983	146.6816	-72.898155	-590.26666	1334.0	1561.43	5420.0	0.0	1000.0	350900.0	0.8354761904761905	-28.097885	4.629699	4.4642763	-41.210957	73.60096	8.701098	94.94003	-6.2876234	0.0	-0.0124195805	1.171875e-06	0.06950957	175.1348	-49.305748	48667.0	-2987.1836	0	0	1.601491	0.0	1.8441093	0.009193684	420000.0	4165.0655171871185
21	-299.4049	92.41623	-148.89722	-509.27383	300.5	769.1064	3200.0	0.0	1000.0	356910.0	0.8111590909090909	-29.385212	6.5233145	-2.5664036	-47.609024	109.98798	9.471929	112.758446	-70.27759	-1.8310548e-08	-0.012470514	-9.765625e-07	-0.05903301	84.31841	-32.67567	14255.166	-5248.087	0	0	1.5896279	0.0	1.8173894	0.009265368	440000.0	4362.298948287964
22	-245.11617	85.48476	-74.05798	-457.74075	512.0	895.8828	3030.0	0.0	1000.0	367150.0	0.7981521739130435	-27.730482	5.4527946	-5.678998	-44.467102	36.62557	8.61267	82.87843	-14.722263	-9.155274e-09	-0.011941427	1.171875e-06	0.037729684	78.64384	-36.79315	14865.569	-381.6338	0	0	1.654181	0.0	1.7962266	0.009257854	460000.0	4561.232631444931
23	-259.24954	97.32189	-71.27955	-420.63608	1430.0	2205.305	8100.0	0.0	1000.0	395750.0	0.8244791666666667	-24.761366	5.3608384	-6.16698	-45.191544	44.308674	12.06192	73.67848	-19.952171	4.577637e-09	-0.0146918325	-1.171875e-06	0.015303515	67.88578	-20.337425	77833.47	-8261.781	0	0	1.4116023	0.0	1.7599874	0.008877674	480000.0	4759.232679128647
24	-238.5568	91.995	-43.32433	-354.43185	578.0	991.9103	3260.0	0.0	1000.0	407310.0	0.81462	-25.045998	5.6174097	-3.2880702	-42.69958	108.08395	6.2211866	127.250465	49.21075	-1.8310548e-08	-0.013341809	-3.90625e-07	-0.0003238281	71.99753	-28.517815	17715.074	-2578.3975	0	0	1.4875904	0.0	1.7902647	0.009026462	500000.0	4958.045692682266
25	-233.41257	92.5775	-92.27913	-454.46664	1224.5	1658.2927	4750.0	0.0	1000.0	431800.0	0.8303846153846154	-23.401567	6.1829414	-0.651982	-41.846447	57.08153	20.62096	106.63321	-31.16902	2.746582e-08	-0.014225784	0.0	-0.15616621	68.535545	-19.640747	53559.48	-4350.34	0	0	1.4565374	0.0	1.8022463	0.009306408	520000.0	5157.561772823334
26	-243.1374	134.12405	-55.700436	-499.96872	1438.5	1953.1443	5780.0	0.0	1000.0	460570.0	0.8529074074074074	-23.24921	5.87757	-5.8936477	-44.822422	102.40927	9.972356	129.3109	-86.65762	-3.0517577e-09	-0.0125906905	2.34375e-06	-0.22832265	126.0473	-38.659386	58531.316	-1695.2148	0	0	1.5819998	0.0	1.8044258	0.0089074215	540000.0	5355.9010100364685
27	-249.88113	105.70528	-108.92722	-431.34912	585.0	1156.7648	4030.0	0.0	1000.0	472270.0	0.8433392857142857	-24.045177	8.099506	0.7081352	-51.702374	125.17009	11.0421095	149.5749	-50.80441	1.5258789e-09	-0.01384634	-1.953125e-06	-0.09415586	102.032906	-44.39414	25558.074	-3402.7363	0	0	1.5157723	0.0	1.813705	0.009277347	560000.0	5553.947518110275
28	-231.30301	113.21114	-68.311	-507.98114	291.5	819.58075	3640.0	0.0	1000.0	478100.0	0.8243103448275862	-24.07804	6.854616	-5.483009	-51.522243	72.52975	13.1666155	135.83185	-12.039032	-8.392334e-09	-0.012694019	1.5625e-06	-0.0433625	103.813446	-47.850254	12011.736	-1608.4658	0	0	1.6110637	0.0	1.8193821	0.009366539	580000.0	5752.118128061295
29	-241.78256	107.374405	0.41175872	-416.4121	1035.0	1514.759	5350.0	0.0	1000.0	498800.0	0.8313333333333334	-23.1472	6.74148	-2.7745404	-48.43581	36.275803	13.390006	121.38549	-26.686686	-1.8310548e-08	-0.012988724	1.5625e-06	-0.037926562	119.12906	-42.374435	38700.844	-4249.176	0	0	1.5540075	0.0	1.8253808	0.0087625375	600000.0	5950.7195365428925
30	-249.92021	102.851524	-75.1249	-428.53082	934.0	1445.1865	4330.0	0.0	1000.0	517480.0	0.8346451612903226	-23.835419	7.182593	-1.0719159	-48.223137	85.776596	8.120132	141.47284	-94.432076	1.8310548e-08	-0.013002773	7.8125e-07	-0.14660604	92.98821	-38.52813	39952.125	-403.34766	0	0	1.5367906	0.0	1.8350176	0.009270109	620000.0	6149.727571487427
31	-259.19507	88.35947	-83.14971	-388.7882	1353.5	1817.8595	5100.0	0.0	1000.0	544550.0	0.850859375	-25.287136	6.27983	-3.9520702	-45.956604	95.9138	3.3447726	141.61583	52.23062	-1.2207031e-08	-0.0128948735	7.8125e-07	0.0657664	74.54185	-23.501873	54498.305	-2415.4258	0	0	1.5516993	0.0	1.8495853	0.009162681	640000.0	6348.806357622147
32	-246.50981	110.54696	-82.922745	-451.7037	1149.0	1706.9882	5090.0	0.0	1000.0	567530.0	0.8598939393939394	-25.182648	5.557058	-6.677723	-43.141033	125.117714	14.499469	153.38127	-69.99986	9.155274e-09	-0.011486706	5.859375e-07	0.10143623	84.55858	-29.350204	43807.71	-1164.2422	0	0	1.757286	0.0	1.8516307	0.008993696	660000.0	6547.276698350906
33	-210.78398	94.72911	-55.60799	-344.36923	994.0	1314.2238	3920.0	0.0	1000.0	587410.0	0.8638382352941176	-23.697506	7.3155875	-0.4174343	-43.48019	114.714424	26.519495	152.0328	-66.56002	-1.2207031e-08	-0.012916611	1.171875e-06	-0.018592969	82.89358	-34.44281	35972.1	-1995.8125	0	0	1.5729954	0.0	1.8950828	0.009781546	680000.0	6745.882109165192
34	-212.46257	96.16764	-47.101868	-410.81647	748.0	1330.8553	5290.0	0.0	1000.0	602370.0	0.8605285714285714	-21.859104	6.021346	-2.0575998	-45.785995	102.74196	19.478064	133.85321	-27.781935	-9.155274e-09	-0.014120816	5.859375e-07	0.054015722	89.44332	-40.93078	29215.99	-2517.0215	0	0	1.5008894	0.0	1.8771144	0.009299118	700000.0	6944.511929988861
35	-238.96579	102.52974	-89.17279	-410.85773	1789.5	1972.596	5860.0	0.0	1000.0	638160.0	0.8863333333333333	-21.428068	7.6042657	-0.53680617	-46.050327	74.938385	28.433931	142.11635	-40.04199	0.0	-0.014013556	3.7109376e-06	-0.09303242	89.31151	-38.940525	84209.63	-9425.484	0	0	1.4289514	0.0	1.8977097	0.0092034945	720000.0	7143.915615081787
36	-194.00577	87.208855	-90.1894	-383.86557	1199.0	2039.5658	8440.0	0.0	1000.0	662140.0	0.8947837837837838	-21.512121	7.7814226	5.8027344	-42.13757	151.9678	25.204838	172.10439	-71.576416	-3.0517577e-09	-0.013026622	0.0	0.02235	81.47129	-37.41389	62485.125	-5303.2383	0	0	1.5424839	0.0	1.8677707	0.009547342	740000.0	7343.432448625565
37	-208.7756	94.92687	-55.448803	-426.212	1345.0	1887.4308	6480.0	0.0	1000.0	689040.0	0.9066315789473685	-20.075678	5.817069	-3.3093483	-42.579674	113.62204	42.566174	176.67795	-49.000492	1.5258789e-09	-0.013422727	1.3671875e-06	0.019767188	97.903275	-38.060238	69364.69	-4273.039	0	0	1.5206405	0.0	1.853221	0.009077624	760000.0	7541.58962726593
38	-180.4465	103.465706	58.522243	-364.7421	1309.5	1279.318	3970.0	0.0	1000.0	715230.0	0.9169615384615385	-18.8344	7.432958	1.410005	-46.121758	126.18705	41.89938	185.49014	-55.94473	3.0517577e-09	-0.012473675	-9.765625e-07	-0.07875937	160.62808	-61.530853	40593.902	-2947.6797	0	0	1.6365485	0.0	1.8250346	0.009202829	780000.0	7740.887847661972
39	-264.15424	122.36952	-28.407515	-548.2414	1492.5	2217.6223	8950.0	0.0	1000.0	745080.0	0.93135	-19.17401	7.38712	6.397342	-46.439663	125.24969	39.97964	188.7653	-91.43708	-1.8310548e-08	-0.0142170405	-3.90625e-07	-0.104731254	209.00278	-119.038574	85903.625	-11509.727	0	0	1.3979597	0.0	1.8222561	0.008594081	800000.0	7940.141641616821
40	-244.2712	115.51078	-43.27684	-590.758	997.5	1154.9236	4530.0	0.0	1000.0	765030.0	0.9329634146341463	-25.047846	7.1639743	1.6237725	-54.82732	122.9729	47.75214	208.09105	5.951946	0.0	-0.014759027	1.5625e-06	-0.06532031	135.69742	-64.67506	45718.508	-3851.2773	0	0	1.3449948	0.0	1.8057301	0.008741708	820000.0	8140.323771238327
41	-194.79988	96.23426	-37.686954	-422.36862	950.5	1561.424	4840.0	0.0	1000.0	784040.0	0.9333809523809524	-22.166203	8.005211	5.0131435	-56.095062	96.019264	37.966236	207.00815	-42.62916	1.525879e-08	-0.017132103	1.171875e-06	-0.01876289	157.45296	-71.167114	39759.72	-5887.6016	0	0	1.381883	0.0	1.8014044	0.00901938	840000.0	8338.710972070694
42	-193.86424	93.675064	-64.49365	-417.76108	1150.5	1273.4774	3450.0	0.0	1000.0	807050.0	0.9384302325581395	-18.953209	9.161151	20.002312	-56.39332	96.89679	37.955708	212.22435	-103.26219	-1.2207031e-08	-0.013762146	3.90625e-07	-0.08783594	88.604774	-49.66072	38369.32	-6482.5938	0	0	1.4563993	0.0	1.7965999	0.009220623	860000.0	8537.257545471191
43	-252.64888	106.82406	-81.83204	-509.4605	1038.0	1104.3306	3850.0	0.0	1000.0	827810.0	0.9406931818181818	-20.108019	6.621627	9.943905	-46.258705	109.98915	47.084053	220.97728	-64.46725	-6.1035155e-09	-0.013856094	1.953125e-07	-0.21748593	161.26321	-103.52266	28889.137	-5009.5605	0	0	1.4413157	0.0	1.8060944	0.009042448	880000.0	8736.440786361694
44	-164.009	112.273415	41.806282	-377.08115	952.5	1211.5027	4010.0	0.0	1000.0	846860.0	0.9409555555555555	-22.1797	7.1304374	9.710862	-50.34477	87.62484	47.230484	226.15613	-79.64062	9.155274e-09	-0.014557654	-7.8125e-07	-0.19808595	255.68988	-113.88344	35980.23	-4310.041	0	0	1.4139185	0.0	1.7810956	0.008951694	900000.0	8935.426964998245
45	-202.68246	131.72935	-14.010987	-521.0988	1676.5	1684.0376	5690.0	0.0	1000.0	880390.0	0.956945652173913	-17.364626	9.221033	18.003353	-48.754066	96.398224	43.052444	222.25311	-17.357388	9.155274e-09	-0.012985013	3.90625e-06	0.0856625	182.76808	-94.42719	58675.9	-9768.32	0	0	1.5330361	0.0	1.7980154	0.008893076	920000.0	9136.023341178894
46	-188.3541	92.0261	-31.366884	-353.28482	1664.5	1615.7644	5230.0	0.0	1000.0	913680.0	0.972	-17.670858	8.452824	22.461601	-55.181477	145.84372	58.91624	245.39267	-3.923128	1.2969971e-08	-0.014197389	9.765625e-08	-0.112424314	134.91565	-65.29574	57450.418	-7821.7812	0	0	1.5170107	0.0	1.7702954	0.009259941	940000.0	9334.784414768219
47	-145.23837	73.0341	-7.60902	-285.33286	1599.0	1447.7737	4290.0	0.0	1000.0	945660.0	0.9850625	-17.442245	9.036456	27.228962	-47.62013	161.3558	53.68423	255.00764	16.336754	7.629395e-09	-0.017125404	-1.5625e-06	-0.1947539	179.77881	-98.1067	47888.4	-5513.9453	0	0	1.3076826	0.0	1.770551	0.009672595	960000.0	9534.593512058258
48	-155.18253	112.22564	-2.0181265	-406.37494	1029.0	1556.8939	4900.0	0.0	1000.0	966240.0	0.9859591836734694	-12.313986	9.3570385	36.737946	-40.739853	154.63034	40.16237	258.32236	-21.674675	6.1035155e-09	-0.014095703	-7.8125e-07	0.23679297	213.53835	-113.53551	39073.613	-8336.576	0	0	1.4598526	0.0	1.7737887	0.0090168575	980000.0	9734.186580181122
49	-111.922325	94.34699	108.94129	-274.2033	1099.0	1340.2457	4620.0	0.0	1000.0	988220.0	0.98822	-13.70242	9.848408	38.604416	-53.244102	101.34364	47.507202	261.86255	-30.684565	7.6293943e-10	-0.014873214	-2.0996094e-06	0.10072778	243.0974	-119.06464	38059.92	-4840.836	0	0	1.3643374	0.0	1.7584908	0.008594595	1000000.0	9933.649602174759
50	-205.11978	150.62479	70.79745	-515.5144	1531.0	1302.2207	5100.0	0.0	1000.0	1018840.0	0.9988627450980392	-14.057991	11.070723	49.40672	-45.99255	108.315735	46.236423	265.97693	-41.18056	-3.6621095e-08	-0.014055555	-7.8125e-07	-0.07238477	274.76166	-169.08122	53061.082	-9657.215	0	0	1.5055795	0.0	1.7662199	0.0096193515	1020000.0	10134.46079325676
51	-123.8974	137.62357	115.43183	-456.44296	1314.0	1207.5364	4110.0	0.0	1000.0	1045120.0	1.004923076923077	-16.748606	11.920051	44.37051	-51.092445	150.41693	55.26638	274.89926	-40.457867	-4.9591065e-09	-0.015554582	2.9296876e-07	-0.011624024	370.53006	-209.59006	44433.652	-7706.0156	0	0	1.3261194	0.0	1.7672932	0.009334102	1040000.0	10334.342193126678
52	-111.60697	145.6018	33.051	-687.65594	1502.0	1613.4144	5130.0	0.0	1000.0	1075160.0	1.014301886792453	-10.360956	14.768474	61.162655	-65.71889	120.57019	49.32508	279.8122	-37.87076	9.155274e-09	-0.013987067	-1.953125e-07	-0.23756231	374.48486	-213.5483	63818.426	-11305.066	0	0	1.453925	0.0	1.7708379	0.009612198	1060000.0	10534.02357172966
53	-115.532814	158.95146	96.42979	-516.33923	1246.5	1285.6449	4830.0	0.0	1000.0	1100090.0	1.0186018518518518	-8.835343	16.636166	75.66135	-56.91923	136.24312	57.86231	292.4391	-11.820326	1.525879e-08	-0.013315437	7.8125e-07	-0.0006541016	371.04352	-219.48846	35467.52	-6075.66	0	0	1.5244461	0.0	1.7749729	0.008937758	1080000.0	10734.531396865845
54	-106.72585	160.53574	111.20042	-408.46808	1433.0	1570.2869	5810.0	0.0	1000.0	1128750.0	1.0261363636363636	-12.3256855	14.869713	62.205944	-62.36839	125.95757	50.701683	297.153	-10.747971	-9.918213e-09	-0.014132774	3.90625e-07	-0.18193574	438.3585	-267.22717	53752.2	-10082.285	0	0	1.4539161	0.0	1.790976	0.009266122	1100000.0	10934.684426307678
55	-85.5096	133.3465	139.30066	-382.13486	1003.5	1161.4183	4660.0	0.0	1000.0	1148820.0	1.0257321428571429	-6.2939553	18.23106	81.92693	-51.635685	134.77327	60.589085	301.60483	-11.446117	4.196167e-09	-0.014067831	5.859375e-07	-0.10417344	416.832	-251.5358	38325.027	-9882.58	0	0	1.4022717	0.0	1.7871053	0.009012482	1120000.0	11135.182424783707
56	-68.336655	112.79581	125.529	-332.43246	1037.0	1040.3513	3410.0	0.0	1000.0	1169560.0	1.0259298245614035	-7.3149524	16.229475	85.19751	-54.618217	107.680115	53.46011	298.98264	-60.538113	-7.6293943e-10	-0.013740502	-9.765625e-07	-0.074512504	326.95642	-202.20258	30433.84	-7254.6895	0	0	1.4266721	0.0	1.7962228	0.009222458	1140000.0	11334.997720003128
57	-115.38411	137.26086	91.86463	-469.42944	1726.5	1486.4363	5560.0	0.0	1000.0	1204090.0	1.0380086206896553	-7.76342	15.933797	82.91378	-55.65057	93.55231	45.405968	312.02475	-44.68121	6.1035155e-09	-0.0143836	2.734375e-06	0.06368242	382.9172	-235.96278	65025.074	-14388.008	0	0	1.4312787	0.0	1.7685409	0.00882345	1160000.0	11535.159950017929
58	-39.634087	130.90848	141.1436	-342.24988	1196.0	1340.99	5200.0	0.0	1000.0	1228010.0	1.0406864406779661	-6.6470647	19.017626	89.71293	-54.826035	168.81827	66.43496	324.79034	-21.27471	3.8146972e-10	-0.014757761	7.8125e-07	-0.08507891	362.73944	-218.56119	45244.188	-9369.031	0	0	1.4177414	0.0	1.7832286	0.009091817	1180000.0	11735.10124707222
59	-107.772316	204.75107	280.92953	-517.9005	1066.5	889.21466	2570.0	0.0	1000.0	1249340.0	1.0411166666666667	-5.0150175	21.446209	94.69235	-53.30522	127.4654	56.98037	328.4283	-38.311943	-2.9754638e-08	-0.015121235	0.0	-0.09466094	410.08157	-262.16376	22312.889	-7013.202	0	0	1.3345236	0.0	1.8054028	0.009094946	1200000.0	11935.79866027832
60	-130.72504	238.66826	233.06242	-719.1891	1835.0	1774.8225	5380.0	0.0	1000.0	1286040.0	1.0541311475409836	-8.285628	25.301395	104.61095	-63.877308	115.51157	63.477154	327.02795	-77.18599	-6.1035155e-09	-0.015119041	7.8125e-07	-0.24956913	636.58826	-448.07275	47763.363	-15253.975	0	0	1.3232152	0.0	1.832725	0.00886289	1220000.0	12138.075541496277
61	-101.4374	169.27261	136.53014	-492.1785	1462.0	1043.8228	3240.0	0.0	1000.0	1315280.0	1.0607096774193547	-8.289781	28.1883	111.87127	-67.28688	150.19606	86.35477	357.1662	-104.44384	-1.4877319e-08	-0.013345673	-7.8125e-07	-0.04969082	532.6681	-357.49103	46342.055	-11820.441	0	0	1.4692924	0.0	1.8154464	0.008926583	1240000.0	12338.920448303223
62	-12.354264	162.20624	343.61087	-324.64395	1784.5	1145.694	4800.0	0.0	1000.0	1350970.0	1.0721984126984128	-3.1166255	23.095556	95.917274	-61.757553	131.21718	69.7005	367.61218	-59.918743	-3.0517577e-09	-0.014708246	3.90625e-07	-0.14147578	568.0259	-350.52628	62705.844	-12404.453	0	0	1.3816164	0.0	1.8155752	0.009182652	1260000.0	12540.110923528671
63	40.98444	188.2052	401.04663	-449.48013	1032.0	774.55536	3080.0	0.0	1000.0	1371610.0	1.0715703125	3.0030756	29.306948	110.690346	-64.352104	181.98534	68.83884	380.12445	-104.22304	1.0681152e-08	-0.014392325	1.171875e-06	-0.08621484	582.55396	-368.7569	28313.773	-10020.07	0	0	1.4435345	0.0	1.7971191	0.009240949	1280000.0	12741.081395149231
64	-13.233363	194.97293	197.10136	-487.38412	1174.0	960.49677	3320.0	0.0	1000.0	1395090.0	1.0731461538461537	3.8671696	26.668587	106.114525	-65.586334	112.40445	57.87461	367.21338	-61.889782	-1.5258789e-09	-0.014563896	-3.90625e-07	-0.2329586	498.18674	-307.48846	25712.809	-6171.33	0	0	1.362723	0.0	1.8194076	0.009184714	1300000.0	12941.689829826355
65	62.69283	126.98932	233.63948	-278.36462	1164.0	1280.5444	4230.0	0.0	1000.0	1418370.0	1.0745227272727274	1.0389789	23.928621	95.77388	-60.83776	112.62085	60.783287	377.1603	-48.67781	-1.5258789e-09	-0.013516654	0.0	-0.17558828	546.85547	-359.29785	40530.883	-12654.217	0	0	1.4831642	0.0	1.8098252	0.009266617	1320000.0	13143.652662992477
66	95.2949	218.94255	537.1258	-516.5178	1246.0	1056.4724	3750.0	0.0	1000.0	1443290.0	1.0770820895522388	12.0084715	28.93698	111.15699	-56.938694	108.40185	76.39658	399.7395	-28.902008	2.746582e-08	-0.014279089	-5.859375e-07	-0.047538087	607.5465	-343.17273	38726.773	-8048.8438	0	0	1.4759359	0.0	1.7878008	0.009064966	1340000.0	13344.726344823837
67	98.23734	204.69997	642.26276	-407.29535	1533.5	1721.5641	7320.0	0.0	1000.0	1473960.0	1.083794117647059	11.705176	27.606806	113.63324	-56.738487	119.8607	59.366665	395.76297	-53.75646	4.577637e-09	-0.014079454	-4.882813e-07	-0.22081435	588.3171	-353.4416	66467.23	-19524.16	0	0	1.4051578	0.0	1.789755	0.009126868	1360000.0	13545.89549279213
68	-4.068443	293.20053	500.8165	-580.54865	1553.5	1400.4796	4320.0	0.0	1000.0	1505030.0	1.0906014492753624	5.514749	30.681215	125.48283	-59.921673	147.32677	107.473076	426.40814	-104.868515	-2.746582e-08	-0.014056766	0.0	-0.16581914	656.89984	-415.16138	42078.57	-12569.77	0	0	1.4355979	0.0	1.7856615	0.009129331	1380000.0	13746.803892612457
69	56.559406	195.84027	354.92554	-503.90915	1299.5	1199.3601	4420.0	0.0	1000.0	1531020.0	1.0935857142857144	9.704351	30.318865	123.91098	-77.15641	141.75093	92.573456	437.08365	-113.98226	-1.2207031e-08	-0.013506605	1.953125e-06	-0.096191406	622.04425	-397.5348	35752.73	-10212.342	0	0	1.4831855	0.0	1.7801486	0.009253631	1400000.0	13947.714627027512
70	142.62315	186.37897	472.62695	-233.35275	1384.5	907.2402	3220.0	180.0	1000.0	1558710.0	1.0976830985915493	14.615975	30.314207	112.703545	-60.715763	121.6989	85.864975	444.94815	-94.19182	-3.0517577e-09	-0.014408343	-1.3671875e-06	-0.15552704	580.85803	-346.96057	34883.426	-9671.52	0	0	1.3869481	0.0	1.7969341	0.0091213	1420000.0	14149.8190574646
71	33.32793	243.3522	602.02747	-417.7985	1669.5	1558.2217	5850.0	0.0	1000.0	1592100.0	1.105625	8.660974	33.929817	131.22507	-71.65399	135.97736	79.3884	444.7969	-33.494648	-6.1035155e-09	-0.0131931575	1.171875e-06	0.107253715	727.7565	-449.68512	60512.113	-19159.855	0	0	1.474479	0.0	1.817017	0.009208662	1440000.0	14351.394485235214
72	24.393682	251.34048	413.39856	-521.4046	1158.0	1370.5641	6070.0	0.0	1000.0	1615260.0	1.1063424657534247	4.2593503	35.842327	127.67092	-76.350136	156.66118	105.96258	463.7482	-79.42972	1.525879e-08	-0.013555628	-3.90625e-07	-0.2146625	537.2543	-338.0728	25395.588	-13080.415	0	0	1.4496248	0.0	1.8157241	0.009192476	1460000.0	14552.557318210602
73	59.94879	290.2412	447.86417	-551.5636	1622.5	1342.7356	4910.0	0.0	1000.0	1647710.0	1.1133175675675675	9.819858	33.085163	126.65604	-82.99796	111.548325	110.114586	474.67606	-146.20653	-9.155274e-09	-0.014989337	-1.953125e-06	0.013455859	578.6328	-387.85687	31002.727	-9418.705	0	0	1.3580561	0.0	1.7950044	0.008902484	1480000.0	14754.34813451767
74	-30.225473	280.4209	439.51038	-501.34235	2520.0	2086.1614	9790.0	0.0	1000.0	1698110.0	1.1320733333333333	0.19887422	38.672726	123.43533	-80.3693	156.34798	111.15686	484.82266	-108.32395	5.722046e-09	-0.013669132	-7.8125e-07	-0.27859375	525.36804	-341.79688	90917.875	-22842.547	0	0	1.4740285	0.0	1.8288528	0.009258026	1500000.0	14957.041248559952
75	123.419945	305.00638	502.04688	-599.9256	1407.5	1572.6979	5060.0	0.0	1000.0	1726260.0	1.1356973684210527	10.793595	34.983475	127.475395	-73.66001	187.60039	92.361984	531.0671	-98.64744	-4.577637e-09	-0.014033249	-1.953125e-07	-0.04710762	660.67413	-431.72284	53167.258	-13234.3125	0	0	1.3856077	0.0	1.8347251	0.008673214	1520000.0	15160.033078670502
76	87.60845	219.06381	639.15063	-432.74158	1409.0	1239.947	3940.0	0.0	1000.0	1754440.0	1.1392467532467532	14.042775	35.53465	123.12564	-68.96897	126.69142	76.59486	520.9995	-68.75101	7.629395e-09	-0.0148036005	3.90625e-07	-0.018540626	752.5493	-485.92676	44226.516	-14677.543	0	0	1.3624935	0.0	1.8145609	0.009447935	1540000.0	15361.592888116837
77	116.311195	251.97676	651.9443	-265.4322	1563.0	1404.3151	5520.0	0.0	1000.0	1785700.0	1.1446794871794872	13.240636	32.785862	121.0693	-60.571777	137.77568	101.606	539.82776	-110.26934	1.5258789e-09	-0.015119188	1.5625e-06	-0.22044805	653.7389	-400.1742	45045.316	-12025.469	0	0	1.3097482	0.0	1.8176825	0.009055284	1560000.0	15563.294187784195
78	133.3802	244.4247	467.52307	-461.94138	1230.0	1071.485	3480.0	0.0	1000.0	1810300.0	1.1457594936708861	16.182232	35.348255	124.91138	-65.51468	157.66577	93.63981	552.60504	-52.976692	0.0	-0.013593017	3.90625e-07	-0.27516133	721.4183	-434.92203	39090.105	-11127.059	0	0	1.4902627	0.0	1.8091446	0.009462739	1580000.0	15764.396003246307
79	86.38058	297.50333	500.59628	-589.0528	2088.0	2224.8699	9950.0	80.0	1000.0	1852060.0	1.1575375	12.743242	38.655552	131.588	-81.896904	140.88576	102.123276	538.79333	-81.35917	-6.866455e-09	-0.013180932	-2.1484375e-06	-0.2283132	676.4843	-428.5407	62709.594	-27625.45	0	0	1.4859809	0.0	1.7780468	0.00947343	1600000.0	15966.85897397995
80	124.41191	271.29953	653.4936	-441.68127	2043.0	1680.283	5630.0	160.0	1000.0	1892920.0	1.168469135802469	16.481134	38.11657	129.32472	-68.204155	178.22522	134.04124	587.2431	-96.3637	1.525879e-08	-0.014138024	1.953125e-07	-0.40898633	733.4077	-459.30304	65325.152	-18404.078	0	0	1.4258183	0.0	1.7870901	0.009247917	1620000.0	16170.152739524841
81	98.284836	329.50558	562.2491	-500.89853	1814.0	1660.8926	6300.0	0.0	1000.0	1929200.0	1.176341463414634	11.446788	38.847416	127.38336	-74.63653	203.9199	148.89409	600.0816	-171.49965	3.0517577e-09	-0.022860054	0.0	-0.38153514	665.24567	-453.9629	52134.215	-18589.242	0	0	1.379249	0.0	1.7767942	0.009065246	1640000.0	16371.521418333054
82	206.46094	323.0023	723.17224	-506.39722	1638.0	2043.1558	8750.0	0.0	1000.0	1961960.0	1.1819036144578314	19.613764	42.972702	128.14037	-65.234985	179.49495	149.40086	603.31195	-86.52493	7.629395e-09	-0.01351081	1.171875e-06	-0.19141407	677.6122	-415.25864	40931.258	-16592.078	0	0	1.4448718	0.0	1.7695463	0.009397244	1660000.0	16573.28839111328
83	197.80637	362.25452	672.7397	-539.7989	1596.0	1308.6649	4350.0	0.0	1000.0	1993880.0	1.1868333333333334	22.565935	43.943024	130.17387	-76.08024	154.67252	159.79056	624.19574	-81.59545	-7.629395e-09	-0.014068181	7.8125e-07	-0.1299498	808.6777	-498.62314	23785.092	-8718.764	0	0	1.4153894	0.0	1.7575805	0.009124789	1680000.0	16775.996210098267
84	222.76326	255.12714	731.32666	-310.01276	1463.5	1151.4698	4000.0	0.0	1000.0	2023150.0	1.1900882352941176	27.013798	42.308342	144.24826	-79.156265	134.95508	110.43282	623.81177	-57.235474	0.0	-0.014385673	1.5625e-06	-0.060479295	820.7014	-507.2364	41712.113	-10401.943	0	0	1.3812863	0.0	1.7397217	0.00933286	1700000.0	16977.5662753582
85	187.79993	310.1139	701.06946	-465.87753	1318.5	1247.4104	3960.0	0.0	1000.0	2049520.0	1.1915813953488372	23.362858	39.00944	147.76163	-60.983875	150.65753	116.0157	621.5998	-71.673706	1.9836426e-08	-0.013599296	0.0	-0.22332618	745.1502	-439.7615	37451.23	-14304.691	0	0	1.4566258	0.0	1.7274072	0.009234735	1720000.0	17180.070096492767
86	31.42662	335.27365	495.866	-629.0176	2186.0	1660.4169	6270.0	10.0	1000.0	2093240.0	1.2030114942528736	8.278083	40.551586	125.85411	-69.92132	180.55977	127.94048	623.233	-87.57588	1.373291e-08	-0.014370959	1.171875e-06	-0.35156855	832.4292	-563.8978	42223.14	-19385.162	0	0	1.3754011	0.0	1.7095332	0.009046504	1740000.0	17382.032390594482
87	147.23466	321.55646	559.2457	-702.8523	1558.0	1718.1373	6140.0	0.0	1000.0	2124400.0	1.2070454545454545	15.750653	46.267365	144.79198	-79.40932	168.08801	126.93349	646.747	-67.69806	1.5258789e-09	-0.013436025	-3.90625e-07	-0.22615781	847.0008	-582.2549	34766.74	-15702.533	0	0	1.4852465	0.0	1.6783974	0.009147583	1760000.0	17584.07245540619
88	142.65347	344.0204	785.7978	-594.48724	2097.5	1425.0435	5130.0	0.0	1000.0	2166350.0	1.2170505617977527	15.516423	46.29374	134.12068	-77.23127	167.04367	174.86003	658.03064	-312.10718	-3.0517577e-09	-0.013702872	-1.5625e-06	-0.26035783	754.4272	-488.84167	54291.46	-19757.879	0	0	1.4638118	0.0	1.6568761	0.009594864	1780000.0	17785.658601522446
89	103.25388	338.2833	701.0242	-559.63184	1944.5	1235.1334	4510.0	10.0	1000.0	2205240.0	1.2251333333333334	13.827978	44.3838	139.3392	-75.666046	228.53978	156.83365	650.1715	-124.35483	1.525879e-08	-0.015114169	-3.90625e-07	-0.3357707	716.3153	-438.27817	34626.008	-13197.52	0	0	1.3032558	0.0	1.6412104	0.009407839	1800000.0	17987.663158893585
90	217.4085	256.02585	805.8414	-355.37817	1557.0	1096.7957	3720.0	0.0	1000.0	2236380.0	1.2287802197802198	22.122602	41.103043	132.24129	-76.03369	175.95262	110.47136	655.9026	-86.28352	-9.155274e-09	-0.013752063	-3.90625e-07	-0.20962305	761.31433	-477.17737	31939.871	-9261.703	0	0	1.4734402	0.0	1.6266923	0.009349402	1820000.0	18190.832161664963
91	47.506508	349.8742	618.8993	-537.0626	2193.0	1735.1313	6580.0	0.0	1000.0	2280240.0	1.2392608695652174	10.556351	42.447987	141.31078	-79.32137	204.08739	153.89827	659.3964	-202.64993	0.0	-0.013045062	1.953125e-07	-0.18129414	691.24445	-445.26584	44008.61	-16200.539	0	0	1.4941677	0.0	1.6093282	0.009293081	1840000.0	18393.227271795273
92	195.58347	231.13048	489.35327	-299.69284	1928.5	1896.3369	8890.0	0.0	1000.0	2318810.0	1.2466720430107527	18.637993	41.95174	142.44789	-80.06234	167.86714	136.733	661.5971	-57.627384	-7.6293943e-10	-0.013412946	-1.171875e-06	-0.04258867	703.9015	-446.96487	67698.21	-23717.3	0	0	1.4952953	0.0	1.6077204	0.009447538	1860000.0	18595.007169246674
93	151.57216	352.588	677.6611	-613.0119	1715.0	1767.3099	7270.0	0.0	1000.0	2353110.0	1.251654255319149	19.354677	42.03824	132.7582	-84.1703	207.18504	168.99538	696.11255	-24.40158	-1.0681152e-08	-0.013138497	0.0	-0.28177628	834.1193	-548.7716	46228.387	-17641.293	0	0	1.4732361	0.0	1.6145332	0.009061781	1880000.0	18796.75644850731
94	194.36765	397.13574	653.4823	-651.73926	1927.0	1767.7982	5100.0	10.0	1000.0	2391650.0	1.258763157894737	17.58683	46.899403	130.06013	-91.99003	167.87108	140.12273	689.48206	-84.86674	2.2125244e-08	-0.014677701	-3.90625e-07	-0.436863	745.2493	-439.2214	43920.4	-16630.146	0	0	1.4152638	0.0	1.5988612	0.009671255	1900000.0	18999.422285079956
95	66.14804	366.24948	705.7762	-585.56024	2299.5	2436.8577	10010.0	0.0	1000.0	2437640.0	1.2696041666666666	15.020253	45.42108	140.6522	-74.38231	208.3165	178.49158	714.9472	-156.58496	1.2207031e-08	-0.01459241	1.171875e-06	-0.35134432	915.9158	-629.7004	44288.34	-18183.55	0	0	1.384873	0.0	1.605616	0.009632036	1920000.0	19202.853504896164
96	271.38873	383.12753	823.83075	-588.7565	1966.5	1896.2285	7210.0	0.0	1000.0	2476970.0	1.2767886597938145	20.433643	47.323387	139.95651	-78.73163	180.42218	171.77945	747.2006	-71.1459	-7.6293943e-10	-0.014625075	-3.125e-06	-0.37047774	849.2606	-529.3517	49345.273	-16427.73	0	0	1.3617687	0.0	1.5907425	0.009579447	1940000.0	19404.67313694954
97	276.5644	327.99673	668.9075	-541.54584	1272.0	1313.8021	4110.0	0.0	1000.0	2502410.0	1.2767397959183673	33.468006	46.815334	147.58878	-92.91334	161.78471	124.71494	738.8892	-246.58069	1.373291e-08	-0.01486019	-4.882813e-07	-0.34491056	790.5843	-492.5368	34496.785	-11251.246	0	0	1.3084632	0.0	1.5761685	0.009148883	1960000.0	19606.353303194046
98	302.51828	201.61374	560.4493	-208.28577	1590.5	1217.6882	3610.0	0.0	1000.0	2534220.0	1.2799090909090909	35.974598	38.400887	143.59395	-81.84976	118.3089	95.91364	659.7434	-106.08889	6.1035155e-09	-0.013683084	9.277344e-07	-0.21580146	708.2247	-415.58963	41847.84	-12351.059	0	0	1.4743844	0.0	1.5801277	0.009473918	1980000.0	19807.951637744904
99	210.38652	360.8231	731.10974	-428.64218	2207.0	1747.258	7710.0	270.0	1000.0	2578360.0	1.28918	23.32218	44.31016	141.25558	-78.70843	197.85248	156.52481	744.11444	-40.207447	5.722046e-09	-0.014966994	1.1108399e-06	-0.22590347	756.2706	-453.95923	52030.082	-16375.566	0	0	1.2993444	0.0	1.5701854	0.009042578	2000000.0	20011.37788963318
