Epoch	AverageEpRet	StdEpRet	MaxEpRet	MinEpRet	AverageEpCost	StdEpCost	MaxEpCost	MinEpCost	EpLen	CumulativeCost	CostRate	AverageVVals	StdVVals	MaxVVals	MinVVals	AverageCostVVals	StdCostVVals	MaxCostVVals	MinCostVVals	LossPi	DeltaLossPi	SurrCost	DeltaSurrCost	LossV	DeltaLossV	LossVC	DeltaLossVC	Penalty	DeltaPenalty	StopIter	Entropy	KL	TotalEnvInteracts	Time
0	3.4048505	0.0	3.4048505	3.4048505	5060.0	0.0	5060.0	5060.0	1000.0	5060.0	5.06	0.66033727	0.4263889	1.701399	-0.74276435	-0.38318133	0.19867113	0.4428007	-0.9914533	3.8146974e-09	0.0010197954	-2.3727416e-06	4.190488	0.5582946	-0.46768415	287604.4	-36185.97	0	0	1.0	1.837877	0.040223446	1000	13.693144798278809
1	-1.2947216	0.0	-1.2947216	-1.2947216	0.0	0.0	0.0	0.0	1000.0	5060.0	2.53	0.45168227	0.31718045	1.3258923	-0.44155818	40.11886	0.45796496	40.19308	32.9227	-3.576279e-08	0.065360606	8.673668e-07	0.0056944145	0.6197342	-0.59484476	1370.0322	33.609497	0	0	1.0	1.8387449	0.09771721	2000	25.455700397491455
2	-0.2160353	0.0	-0.2160353	-0.2160353	3610.0	0.0	3610.0	3610.0	1000.0	8670.0	2.89	-0.12397701	0.33519182	0.7175273	-1.0637791	40.543232	1.560243	40.66463	-1.6584514	-1.4781952e-08	-0.0070076576	3.917694e-06	0.76307124	0.54024774	-0.4591094	143038.8	-11763.172	0	0	5.0	1.8392639	0.010465919	3000	37.11655521392822
3	4.682869	0.0	4.682869	4.682869	5190.0	0.0	5190.0	5190.0	1000.0	13860.0	3.465	-0.4989677	0.63876057	1.0020553	-2.4391682	59.496437	1.606057	59.691685	25.31855	1.4305115e-09	-0.009887506	-4.3411255e-06	1.2206932	1.5237113	-1.3533067	280860.53	-22844.375	0	0	2.0	1.8390647	0.0058448003	4000	48.0620002746582
4	1.200994	0.0	1.200994	1.200994	0.0	0.0	0.0	0.0	1000.0	13860.0	2.772	0.3713529	0.2943016	1.3072033	-0.42071548	86.302185	0.1782162	86.31945	81.261	1.1920929e-08	-0.026875278	-3.7956238e-07	0.021514865	0.18904883	-0.15288004	6340.127	-257.8838	0	0	20.0	1.838808	0.011796631	5000	59.532485246658325
5	-1.4303943	0.0	-1.4303943	-1.4303943	5570.0	0.0	5570.0	5570.0	1000.0	19430.0	3.2383333333333333	0.27232072	0.352072	1.4716105	-0.7172125	84.11538	5.865813	84.65654	-33.189934	-1.66893e-08	-0.011574905	2.3803711e-06	1.0200696	0.32005817	-0.2679866	291296.0	-21403.719	0	0	2.0	1.8322864	0.0141707305	6000	70.93751430511475
6	1.6703774	0.0	1.6703774	1.6703774	0.0	0.0	0.0	0.0	1000.0	19430.0	2.775714285714286	-0.1794505	0.2868648	0.4837374	-0.8341077	109.0165	1.8375808	109.10564	51.88602	5.2452087e-09	-0.017196463	6.8855286e-07	-0.030109104	0.28624964	-0.25098845	10121.766	-539.81934	0	0	8.0	1.8313956	0.014824233	7000	81.94429445266724
7	-0.6189419	0.0	-0.6189419	-0.6189419	0.0	0.0	0.0	0.0	1000.0	19430.0	2.42875	0.30123326	0.41941535	1.3458532	-0.7664061	106.35556	0.18066263	106.365005	100.676735	-1.0967255e-08	-0.020109238	-1.2607575e-06	-0.006672638	0.6631251	-0.6203573	9628.83	-1235.4473	0	0	7.0	1.8291664	0.015637362	8000	92.79486227035522
8	-0.6895161	0.0	-0.6895161	-0.6895161	0.0	0.0	0.0	0.0	1000.0	19430.0	2.158888888888889	0.012157089	0.3967804	1.0553452	-1.1883594	99.69989	0.3722722	99.72945	89.17984	4.053116e-09	-0.0075641456	-7.1907044e-07	0.00059019664	0.39155117	-0.2976952	8461.524	-1181.7725	0	0	2.0	1.8292686	0.0049323505	9000	103.49278044700623
9	-0.30790812	0.0	-0.30790812	-0.30790812	2800.0	0.0	2800.0	2800.0	1000.0	22230.0	2.223	-0.08580295	0.41806725	1.0832725	-1.2642688	92.82958	3.8358228	93.03871	-25.322329	7.152557e-09	-0.021621848	1.6860962e-06	-0.7968262	0.61854434	-0.59933203	52567.504	-3413.6172	0	0	16.0	1.8293681	0.011063631	10000	114.84563541412354
10	0.10649754	0.0	0.10649754	0.10649754	0.0	0.0	0.0	0.0	1000.0	22230.0	2.020909090909091	-0.71322036	0.5254287	0.62774926	-2.4458547	103.60913	3.041052	103.74971	8.536675	-1.0490417e-08	-0.015481235	1.2931823e-06	-0.017475955	1.1194208	-0.90050226	9144.052	-1060.2896	0	0	5.0	1.8292863	0.01785672	11000	126.27871322631836
11	-1.4749722	0.0	-1.4749722	-1.4749722	0.0	0.0	0.0	0.0	1000.0	22230.0	1.8525	0.22804175	0.32962197	1.2341937	-0.65883005	97.94056	5.029893	98.18808	-58.699432	-2.7179718e-08	-0.008325969	4.5776368e-08	0.0054667587	0.80696356	-0.7500856	8342.465	-4600.318	0	0	2.0	1.8285544	0.0066481717	12000	137.0848786830902
12	-0.089109436	0.0	-0.089109436	-0.089109436	0.0	0.0	0.0	0.0	1000.0	22230.0	1.71	-0.30005464	0.36286017	0.9884493	-1.3054751	68.001076	7.83479	77.97142	-25.246143	-1.3351441e-08	-0.0122738825	-1.0910035e-06	0.06517196	0.58127725	-0.5421397	3960.119	-3781.39	0	0	4.0	1.8279707	0.0090722805	13000	147.8782057762146
13	0.15488853	0.0	0.15488853	0.15488853	4820.0	0.0	4820.0	4820.0	1000.0	27050.0	1.9321428571428572	0.31270862	0.23428757	1.1757699	-0.37496394	7.5981035	2.6608794	25.427433	-11.2456875	-1.4066696e-08	-0.009367046	-7.3699953e-06	1.0691856	0.7767637	-0.64036536	232915.64	-64033.406	0	0	2.0	1.826839	0.013879574	14000	158.81940841674805
14	0.8536606	0.0	0.8536606	0.8536606	0.0	0.0	0.0	0.0	1000.0	27050.0	1.8033333333333332	-0.16831604	0.42701158	1.0585729	-1.3971744	95.28243	0.76084507	97.01577	92.89658	1.9311905e-08	-0.009576242	-3.709793e-07	-0.010020206	0.41141355	-0.3716513	7740.101	-730.7969	0	0	6.0	1.8267213	0.020502683	15000	169.85177159309387
15	-2.304548	0.0	-2.304548	-2.304548	90.0	0.0	90.0	90.0	1000.0	27140.0	1.69625	-0.16925736	0.55800575	1.7845887	-2.0928493	90.32223	3.6129248	91.036804	43.361973	1.1920929e-09	-0.016558416	3.5095215e-07	0.07078198	0.42570996	-0.38751867	5790.1875	-5300.428	0	0	7.0	1.8281529	0.015454817	16000	181.56727480888367
16	-0.6442057	0.0	-0.6442057	-0.6442057	3480.0	0.0	3480.0	3480.0	1000.0	30620.0	1.8011764705882354	0.04626112	0.438404	1.0661091	-1.257527	20.305752	3.6625602	45.028915	-31.389874	-2.1457673e-08	-0.017641675	9.391784e-06	-0.8952734	0.4976859	-0.46149528	135981.58	-45564.555	0	0	6.0	1.8302286	0.01541786	17000	192.64760637283325
17	0.76876855	0.0	0.76876855	0.76876855	0.0	0.0	0.0	0.0	1000.0	30620.0	1.701111111111111	-0.18427524	0.31976742	0.6663828	-1.1255064	103.11009	3.7603822	105.71388	61.366146	9.775162e-09	-0.008867085	4.7683717e-08	-0.04189135	0.8807957	-0.80116856	9011.969	-2306.2788	0	0	4.0	1.8317912	0.014098446	18000	203.48618245124817
18	-0.2647705	0.0	-0.2647705	-0.2647705	2500.0	0.0	2500.0	2500.0	1000.0	33120.0	1.743157894736842	0.2355107	0.6518315	1.9428135	-1.4783607	85.53957	18.486471	94.748436	-72.52343	-7.629395e-09	-0.01030363	-1.8005371e-06	-1.0795938	0.4152942	-0.34428203	39597.016	-6639.457	0	0	6.0	1.8321912	0.010133359	19000	214.39565920829773
19	-4.624161	0.0	-4.624161	-4.624161	3170.0	0.0	3170.0	3170.0	1000.0	36290.0	1.8145	-0.17898166	0.57089293	1.6976024	-2.4068992	109.76048	2.431753	110.296776	60.717377	-3.194809e-08	-0.013721156	-5.508423e-06	0.2457904	1.1284378	-1.0664324	95539.02	-8204.641	0	0	2.0	1.8323789	0.0048773196	20000	225.2198977470398
20	0.7289584	0.0	0.7289584	0.7289584	0.0	0.0	0.0	0.0	1000.0	36290.0	1.7280952380952381	-0.350625	0.25478357	0.62048227	-0.97940713	130.21236	1.2876191	130.34299	105.19498	1.9073487e-09	-0.011886109	-1.8005371e-06	-0.051853146	0.53315794	-0.49381655	14429.944	-2507.2812	0	0	6.0	1.831945	0.009812179	21000	236.84323525428772
21	-0.64217854	0.0	-0.64217854	-0.64217854	0.0	0.0	0.0	0.0	1000.0	36290.0	1.6495454545454546	0.00016617203	0.5542878	1.017095	-1.1387794	118.95084	4.644949	121.92	76.58392	-1.5497207e-08	-0.01086942	-8.811951e-07	0.016229805	0.8629005	-0.8311871	12039.408	-11350.093	0	0	6.0	1.8303765	0.011554503	22000	247.721519947052
22	-0.18318763	0.0	-0.18318763	-0.18318763	0.0	0.0	0.0	0.0	1000.0	36290.0	1.5778260869565217	-0.1325205	0.27228266	0.68332446	-0.92072165	19.086866	15.147919	113.142426	-34.382492	9.298325e-09	-0.009088415	-3.051758e-08	0.09965131	0.24684557	-0.21165197	490.87247	-404.192	0	0	1.0	1.830411	0.008666756	23000	259.8736894130707
23	0.8260942	0.0	0.8260942	0.8260942	0.0	0.0	0.0	0.0	1000.0	36290.0	1.5120833333333332	-0.11412161	0.41306847	0.67072767	-1.6493639	14.580156	22.529617	114.055214	-68.38528	5.2452087e-09	-0.018253218	-1.373291e-07	-0.07577394	0.58038807	-0.5196462	651.0289	-566.3843	0	0	7.0	1.830344	0.011030039	24000	271.0405230522156
24	0.1613835	0.0	0.1613835	0.1613835	1170.0	0.0	1170.0	1170.0	1000.0	37460.0	1.4984	0.17820026	0.47359338	1.247392	-0.86691254	1.8826345	5.934603	49.9356	-82.38383	8.8214875e-09	-0.0076792063	1.7089844e-06	0.14946835	0.56322145	-0.51767933	29026.084	-6851.076	0	0	2.0	1.8298614	0.010110656	25000	281.73973536491394
25	0.20603874	0.0	0.20603874	0.20603874	400.0	0.0	400.0	400.0	1000.0	37860.0	1.4561538461538461	0.17225964	0.42072082	1.3804972	-0.8764279	38.445766	4.613327	80.29959	32.35794	1.835823e-08	-0.013221681	-5.0544736e-07	-0.010094976	0.20960437	-0.16837786	1304.5209	-44.8208	0	0	4.0	1.8291316	0.011693734	26000	293.7874126434326
26	1.1695272	0.0	1.1695272	1.1695272	1180.0	0.0	1180.0	1180.0	1000.0	39040.0	1.4459259259259258	0.007718594	0.3567681	0.92648035	-1.0089633	39.4199	4.9048643	85.53689	14.606803	-1.168251e-08	-0.007786641	-7.2479246e-08	-0.04808498	0.36862877	-0.33381724	28175.924	-1394.2422	0	0	4.0	1.8272719	0.014225441	27000	304.5603561401367
27	1.6214147	0.0	1.6214147	1.6214147	0.0	0.0	0.0	0.0	1000.0	39040.0	1.3942857142857144	0.30016556	0.42952672	1.2483909	-0.5329873	46.347275	1.6492522	61.758163	5.8155613	1.4781952e-08	-0.02350697	-4.882813e-07	-0.011359891	0.5849935	-0.53010815	1834.4113	-561.6566	0	0	14.0	1.8249707	0.0131894965	28000	315.77923130989075
28	1.789952	0.0	1.789952	1.789952	770.0	0.0	770.0	770.0	1000.0	39810.0	1.3727586206896552	-0.13160996	0.2315255	0.7202759	-0.9290523	39.69853	3.5404224	90.44458	37.958538	8.5830685e-09	-0.014957065	2.4032593e-06	-0.12367844	0.28891063	-0.2625911	8334.849	-810.1426	0	0	6.0	1.8216228	0.010406869	29000	326.598347902298
29	-2.2423928	0.0	-2.2423928	-2.2423928	0.0	0.0	0.0	0.0	1000.0	39810.0	1.327	0.11107275	0.20386766	0.7547784	-0.43036336	44.403263	7.032855	110.11431	26.35072	3.576279e-08	-0.018944504	7.400513e-07	-0.039450113	0.3793697	-0.30239135	1751.3131	-636.3074	0	0	7.0	1.8212906	0.0078416	30000	337.42229652404785
30	0.42913184	0.0	0.42913184	0.42913184	0.0	0.0	0.0	0.0	1000.0	39810.0	1.2841935483870968	0.2684084	0.642896	1.9575198	-1.626589	37.467453	6.1167474	92.4654	-13.25018	3.33786e-08	-0.014719325	1.2207032e-07	0.010868309	0.99590904	-0.94632787	1247.9296	-497.02228	0	0	4.0	1.8224461	0.010296601	31000	349.1128439903259
31	-2.165947	0.0	-2.165947	-2.165947	0.0	0.0	0.0	0.0	1000.0	39810.0	1.2440625	0.16476594	0.4553424	1.6502591	-1.0104561	30.167027	2.1914134	52.82421	-6.2220917	3.576279e-08	-0.010922431	-1.6880036e-07	0.032272644	0.7252115	-0.6885571	781.7309	-229.27441	0	0	4.0	1.8232243	0.013225018	32000	359.8372428417206
32	1.5468645	0.0	1.5468645	1.5468645	0.0	0.0	0.0	0.0	1000.0	39810.0	1.2063636363636363	-0.052592155	0.3710072	0.7830686	-1.3882023	25.888105	2.214738	65.197136	19.174213	4.529953e-09	-0.02231329	-1.7499924e-07	-0.00084836676	0.38156506	-0.34339514	576.62823	-170.96921	0	0	13.0	1.8242342	0.0132859135	33000	370.9766364097595
33	-1.8884127	0.0	-1.8884127	-1.8884127	3010.0	0.0	3010.0	3010.0	1000.0	42820.0	1.2594117647058825	0.08005183	0.4232776	1.2724036	-1.1343031	22.00339	2.7220485	96.953926	20.446028	-4.529953e-08	-0.0086278245	-7.652283e-06	0.14149848	0.46701473	-0.4436391	99568.38	-41720.54	0	0	2.0	1.8214447	0.0029474462	34000	381.7534430027008
34	3.1574697	0.0	3.1574697	3.1574697	5510.0	0.0	5510.0	5510.0	1000.0	48330.0	1.3808571428571428	-0.31396082	0.46803233	0.86125255	-1.1646369	124.1364	4.922912	125.93742	66.9149	1.3351441e-08	-0.006501111	-1.0871887e-05	2.8750842	0.4674137	-0.43910518	258984.73	-38498.17	0	0	3.0	1.8205085	0.011320229	35000	392.708744764328
35	-0.39558694	0.0	-0.39558694	-0.39558694	60.0	0.0	60.0	60.0	1000.0	48390.0	1.3441666666666667	-0.064227246	0.5440522	2.1994855	-1.2844247	174.95724	0.8106713	175.00275	150.9915	-6.437302e-09	-0.006017365	1.3446808e-06	0.02727659	0.6383609	-0.60717833	24214.54	-3505.0586	0	0	1.0	1.8191426	0.01013792	36000	404.16700196266174
36	-1.9287468	0.0	-1.9287468	-1.9287468	0.0	0.0	0.0	0.0	1000.0	48390.0	1.307837837837838	-0.37827203	0.3133881	0.78762037	-1.2795866	162.95235	1.6560869	163.23325	140.31436	3.051758e-08	-0.010729625	2.4223328e-07	0.0067864535	0.36834985	-0.33454692	22593.13	-5053.951	0	0	2.0	1.818426	0.006126073	37000	414.87528443336487
37	-4.62602	0.0	-4.62602	-4.62602	130.0	0.0	130.0	130.0	1000.0	48520.0	1.276842105263158	0.0001620636	0.46458778	1.2423121	-1.3846911	144.40042	7.2137213	145.46971	-55.320606	-5.2213668e-08	-0.013379326	-4.882813e-07	-0.12842153	0.8869163	-0.8534239	15254.663	-6877.51	0	0	4.0	1.8173134	0.0076308697	38000	425.8636713027954
38	-1.0167447	0.0	-1.0167447	-1.0167447	0.0	0.0	0.0	0.0	1000.0	48520.0	1.244102564102564	-0.7294286	0.5844306	0.6933808	-2.7280138	99.284904	19.501095	117.952286	7.296378	-7.152557e-09	-0.019913763	6.713867e-07	0.0070854337	0.897342	-0.87478954	8482.385	-7990.9463	0	0	7.0	1.8160565	0.014108569	39000	436.7964789867401
39	0.8008702	0.0	0.8008702	0.8008702	720.0	0.0	720.0	720.0	1000.0	49240.0	1.231	-0.035877742	0.24379528	0.61613536	-0.96733356	12.958269	12.728182	72.99797	-100.5593	-6.3180923e-09	-0.004658149	1.3580323e-06	-0.2383808	0.43231574	-0.3768559	10855.349	-3115.2344	0	0	1.0	1.8145331	0.012487222	40000	447.51223158836365
40	0.040101822	0.0	0.040101822	0.040101822	840.0	0.0	840.0	840.0	1000.0	50080.0	1.2214634146341463	0.25554553	0.28870213	1.1207914	-0.8629636	49.18135	7.196132	100.41705	16.452503	1.9073486e-08	-0.010629543	1.2207032e-07	-0.092579715	0.5571201	-0.48037487	3275.8333	-748.5005	0	0	2.0	1.8142128	0.008365934	41000	459.2003872394562
41	4.969184	0.0	4.969184	4.969184	0.0	0.0	0.0	0.0	1000.0	50080.0	1.1923809523809523	0.021865753	0.48137802	1.2463951	-1.3933098	65.08356	6.189482	100.20021	31.072947	9.536744e-10	-0.007170449	-8.392334e-08	-0.014742287	0.44023037	-0.41388744	3578.2334	-2995.4858	0	0	2.0	1.8132968	0.010589872	42000	470.06267833709717
42	0.86464214	0.0	0.86464214	0.86464214	0.0	0.0	0.0	0.0	1000.0	50080.0	1.1646511627906977	0.6375565	0.39886406	1.9193115	-0.51176465	24.390282	7.753012	65.13881	-95.95121	-1.4305115e-09	-0.00737524	5.1879886e-07	-0.03715253	0.3955745	-0.35320625	567.89886	-519.81177	0	0	1.0	1.8122753	0.0058723427	43000	480.954464673996
43	-3.9768527	0.0	-3.9768527	-3.9768527	0.0	0.0	0.0	0.0	1000.0	50080.0	1.1381818181818182	0.2832895	0.395229	1.3718839	-1.0192118	4.648542	7.255352	54.21513	-75.84641	1.6212464e-08	-0.010774934	2.5939943e-07	-0.013346528	0.98356855	-0.9376608	72.25705	-60.612022	0	0	2.0	1.8116531	0.0064005335	44000	491.6971709728241
44	3.97641	0.0	3.97641	3.97641	20.0	0.0	20.0	20.0	1000.0	50100.0	1.1133333333333333	-0.4352049	0.38224933	0.56793165	-2.0384552	5.1275587	7.706794	68.82723	-4.756323	1.4185906e-08	-0.013821275	2.2888184e-08	0.028713875	1.143961	-1.1095644	96.32539	-67.1511	0	0	2.0	1.8105514	0.013775156	45000	502.6486475467682
45	-1.1906931	0.0	-1.1906931	-1.1906931	2440.0	0.0	2440.0	2440.0	1000.0	52540.0	1.1421739130434783	0.33897796	0.24998057	1.1880802	-0.49804172	1.3885907	4.573097	94.69073	-21.359743	-1.7881394e-08	-0.009038293	-3.90625e-06	1.2488331	0.4617616	-0.42117852	90882.27	-30360.133	0	0	4.0	1.8094574	0.01784697	46000	514.4851911067963
46	-0.3150013	0.0	-0.3150013	-0.3150013	0.0	0.0	0.0	0.0	1000.0	52540.0	1.117872340425532	-0.07868169	0.375272	0.7588676	-1.4068072	75.508766	5.205036	96.374825	26.474804	1.6689301e-09	-0.013562943	1.2111664e-06	0.001677309	0.5371041	-0.43418154	5150.637	-2720.8333	0	0	6.0	1.8083749	0.013188552	47000	525.4248611927032
47	1.897071	0.0	1.897071	1.897071	3230.0	0.0	3230.0	3230.0	1000.0	55770.0	1.161875	-0.07582847	0.34730002	1.0487868	-1.5866785	54.67385	1.8952765	83.13047	38.269924	3.528595e-08	-0.015721401	-1.1100769e-06	0.9240212	0.38134563	-0.31026125	92612.766	-34268.91	0	0	7.0	1.8084923	0.011232616	48000	536.4821407794952
48	-1.5484118	0.0	-1.5484118	-1.5484118	0.0	0.0	0.0	0.0	1000.0	55770.0	1.1381632653061224	0.109938525	0.46250772	1.5128001	-1.4438498	132.97186	13.46899	143.59746	73.700905	-2.8371812e-08	-0.0055201324	3.3569336e-07	-0.035355225	0.6102678	-0.56029207	14910.704	-13771.007	0	0	2.0	1.8082802	0.005609009	49000	547.405891418457
49	-2.324699	0.0	-2.324699	-2.324699	6240.0	0.0	6240.0	6240.0	1000.0	62010.0	1.2402	-0.18209644	0.31831703	0.64394677	-1.0344182	39.27428	34.76899	122.6272	-78.18484	-1.7344952e-08	-0.0150369555	-7.354736e-06	-1.7604508	0.3355382	-0.2836617	351727.4	-128339.05	0	0	4.0	1.8081832	0.024009472	50000	558.3145089149475
50	1.2402825	0.0	1.2402825	1.2402825	1610.0	0.0	1610.0	1610.0	1000.0	63620.0	1.247450980392157	-0.19607061	0.3793374	0.7700609	-1.2128364	179.32115	7.0094533	181.42746	100.6963	-7.7486035e-09	-0.008682471	1.838684e-06	-0.04202943	0.6169146	-0.5480403	11514.493	-6.6035156	0	0	2.0	1.8080425	0.0039423555	51000	570.0235192775726
51	0.98769957	0.0	0.98769957	0.98769957	0.0	0.0	0.0	0.0	1000.0	63620.0	1.2234615384615384	0.23054837	0.4280713	1.3574053	-0.8342867	181.6296	8.842957	184.8726	110.810295	-2.4795533e-08	-0.0067661447	-3.2424927e-07	0.02357346	0.10947146	-0.08000619	28117.088	-17310.084	0	0	4.0	1.8078299	0.012228953	52000	581.0330626964569
52	2.6914554	0.0	2.6914554	2.6914554	0.0	0.0	0.0	0.0	1000.0	63620.0	1.2003773584905661	0.16477628	0.4857748	1.7016853	-0.9909298	148.02971	29.191368	170.65225	52.09586	-4.768372e-10	-0.013192718	5.0354004e-07	-0.17942756	0.49893603	-0.42124805	19388.28	-14800.937	0	0	6.0	1.808385	0.012588834	53000	591.9459438323975
53	-0.77401686	0.0	-0.77401686	-0.77401686	0.0	0.0	0.0	0.0	1000.0	63620.0	1.1781481481481482	0.083831675	0.5263858	1.5500515	-1.0063379	68.72079	15.363573	129.98347	46.863914	2.9802322e-08	-0.016386453	-5.1879886e-07	0.11299103	0.653719	-0.5752905	3991.6216	-2427.029	0	0	7.0	1.8084126	0.013111466	54000	603.8002116680145
54	-3.6216838	0.0	-3.6216838	-3.6216838	0.0	0.0	0.0	0.0	1000.0	63620.0	1.1567272727272728	0.13159198	0.57285005	1.3688731	-1.5956453	47.318493	12.836984	116.68304	21.676245	-2.6941299e-08	-0.010734911	4.5776368e-08	-0.05727773	1.5846548	-1.5079185	2146.6462	-1213.6711	0	0	5.0	1.8100704	0.01769963	55000	615.1226017475128
55	-0.17009753	0.0	-0.17009753	-0.17009753	3010.0	0.0	3010.0	3010.0	1000.0	66630.0	1.1898214285714286	-0.06824188	0.83309674	2.5308225	-1.6544052	31.713675	7.463736	106.63027	-59.97028	-8.5830685e-09	-0.009364149	-1.8310546e-06	0.086779386	0.5933601	-0.55499136	146567.22	-33721.875	0	0	2.0	1.8106176	0.0054161954	56000	627.9900441169739
56	0.15723732	0.0	0.15723732	0.15723732	3620.0	0.0	3620.0	3620.0	1000.0	70250.0	1.2324561403508771	-0.3219922	0.311098	0.7476623	-1.4323125	114.35001	18.12217	146.45555	65.96688	-1.168251e-08	-0.00847194	2.5672912e-06	0.9694422	0.32895043	-0.29686958	154143.34	-25467.29	0	0	2.0	1.8102517	0.0050186976	57000	639.3465917110443
57	-1.0727726	0.0	-1.0727726	-1.0727726	0.0	0.0	0.0	0.0	1000.0	70250.0	1.2112068965517242	-0.106100604	0.4108723	0.90873235	-1.1172642	166.46822	18.9338	184.96957	4.987158	4.0650367e-08	-0.0046703033	2.1362305e-07	0.00022680665	1.1301972	-1.0552797	23652.871	-9760.008	0	0	1.0	1.80983	0.0069602	58000	650.1058392524719
58	-0.90008307	0.0	-0.90008307	-0.90008307	6560.0	0.0	6560.0	6560.0	1000.0	76810.0	1.301864406779661	0.78074133	0.9222776	3.4088418	-1.1079664	107.32198	25.713331	168.49988	-8.373949	1.9550324e-08	-0.0081920745	8.537292e-06	2.86531	2.76862	-2.6906984	463427.2	-68665.78	0	0	2.0	1.809686	0.003788934	59000	661.0928750038147
59	-0.23798384	0.0	-0.23798384	-0.23798384	0.0	0.0	0.0	0.0	1000.0	76810.0	1.2801666666666667	0.5254015	0.617357	2.2344196	-1.494649	202.74895	6.974119	205.14711	44.663185	-1.9550324e-08	-0.011219171	3.101349e-06	-0.0030499382	0.9121861	-0.8917302	34952.863	-5635.867	0	0	7.0	1.8096855	0.017935025	60000	672.03244805336
60	3.1516235	0.0	3.1516235	3.1516235	360.0	0.0	360.0	360.0	1000.0	77170.0	1.2650819672131148	-0.11208641	0.37101656	0.6140584	-1.6701429	187.01071	3.7319608	191.47066	130.68347	-6.6757204e-09	-0.013240312	1.0223389e-06	-0.10313442	0.4010097	-0.3780062	20061.285	-4218.619	0	0	2.0	1.8087647	0.004882535	61000	683.7820844650269
61	2.3768907	0.0	2.3768907	2.3768907	890.0	0.0	890.0	890.0	1000.0	78060.0	1.2590322580645161	0.45519495	0.43619904	1.4834315	-0.7824786	169.4907	6.2548604	176.31392	114.129105	1.168251e-08	-0.021267956	-9.3841555e-07	0.08158876	0.67977834	-0.6269995	14367.686	-1849.8096	0	0	4.0	1.8084483	0.013676491	62000	694.8029932975769
62	3.006086	0.0	3.006086	3.006086	180.0	0.0	180.0	180.0	1000.0	78240.0	1.2419047619047618	0.41256526	0.5414645	1.6032965	-1.4391353	155.8492	8.969466	166.93478	92.53216	-7.390976e-09	-0.005021689	-2.0408631e-06	0.09120904	0.86648023	-0.7984894	20473.537	-16524.127	0	0	4.0	1.8074205	0.011232689	63000	705.686925649643
63	-11.192461	0.0	-11.192461	-11.192461	820.0	0.0	820.0	820.0	1000.0	79060.0	1.2353125	-0.095788226	0.46283448	1.2625364	-1.3831376	66.683815	35.813957	129.65741	-95.36131	-4.0411948e-08	-0.011238907	-9.155273e-07	0.08434757	1.7188907	-1.4731109	17311.893	-4389.783	0	0	2.0	1.805224	0.0026412539	64000	716.4446108341217
64	3.3043895	0.0	3.3043895	3.3043895	220.0	0.0	220.0	220.0	1000.0	79280.0	1.2196923076923076	-0.9934564	0.46569362	0.34773692	-2.3928185	35.7255	16.818316	95.675766	-45.346558	-3.71933e-08	-0.010750468	3.8146973e-07	0.023562973	1.6601404	-1.6247983	970.2085	-459.69598	0	0	4.0	1.8041128	0.016356448	65000	727.4505109786987
65	7.1202135	0.0	7.1202135	7.1202135	4210.0	0.0	4210.0	4210.0	1000.0	83490.0	1.265	0.15238874	0.8132415	2.5505767	-2.1763036	26.130997	8.62451	87.89374	-9.306764	1.1444092e-08	-0.010091786	9.460449e-06	0.41218057	2.4840271	-2.2800062	207139.52	-77892.74	0	0	2.0	1.8025396	0.0050358735	66000	739.6427946090698
66	-2.4207423	0.0	-2.4207423	-2.4207423	0.0	0.0	0.0	0.0	1000.0	83490.0	1.2461194029850746	0.7819518	0.52834034	2.4283144	-1.0585631	133.12631	23.785202	169.94452	-82.78396	-5.1498414e-08	-0.0041785515	3.8223266e-06	-0.03259115	1.1599675	-1.118967	15353.847	-6517.2227	0	0	1.0	1.8016453	0.011662045	67000	750.376914024353
67	2.1215773	0.0	2.1215773	2.1215773	3380.0	0.0	3380.0	3380.0	1000.0	86870.0	1.2775	0.08865775	0.5042814	1.3956938	-1.808827	96.17867	46.63582	144.2601	-44.19731	-1.9073486e-08	-0.012561541	-4.7454832e-06	-0.36057094	0.23039575	-0.21169934	115292.445	-26711.867	0	0	2.0	1.801255	0.0064611724	68000	761.2689368724823
68	-13.5082245	0.0	-13.5082245	-13.5082245	0.0	0.0	0.0	0.0	1000.0	86870.0	1.258985507246377	0.034728497	0.5065459	1.0851873	-1.8237697	151.64062	18.007076	176.84744	70.35113	-2.503395e-08	-0.013581686	-1.1520385e-06	-0.013231094	3.1463375	-2.8075864	20083.305	-11077.435	0	0	2.0	1.8007851	0.011132034	69000	772.3762357234955
69	-1.6734121	0.0	-1.6734121	-1.6734121	0.0	0.0	0.0	0.0	1000.0	86870.0	1.241	-0.8532628	0.73066074	1.6542373	-5.788711	112.49003	23.119652	168.57835	38.79788	1.1444092e-08	-0.007680336	-4.5776368e-08	0.028852342	1.2900295	-1.2689487	11845.484	-10306.831	0	0	2.0	1.8006176	0.007565624	70000	783.2201926708221
70	-1.6349083	0.0	-1.6349083	-1.6349083	140.0	0.0	140.0	140.0	1000.0	87010.0	1.2254929577464788	-0.5231812	0.5290212	0.6013017	-4.0821843	27.692492	26.884424	125.14396	-124.609505	2.7656554e-08	-0.013092053	-3.5095215e-07	-0.11305104	0.902198	-0.8462346	967.97217	-500.77814	0	0	4.0	1.8004287	0.007499339	71000	795.1305315494537
71	-0.81921077	0.0	-0.81921077	-0.81921077	6270.0	0.0	6270.0	6270.0	1000.0	93280.0	1.2955555555555556	-0.29907376	0.48393664	0.87696767	-1.9437039	32.497017	28.883905	138.73727	-18.61981	9.536743e-09	-0.020812029	-1.5258789e-07	-2.2029905	0.69934607	-0.63974863	333828.88	-126082.83	0	0	7.0	1.7980998	0.009296057	72000	806.1280946731567
72	-7.62877	0.0	-7.62877	-7.62877	80.0	0.0	80.0	80.0	1000.0	93360.0	1.278904109589041	0.0036394424	0.58153623	1.1340207	-1.4808253	190.26935	13.773301	204.15923	106.83337	-1.1563301e-08	-0.003861035	1.2969971e-06	0.06094014	1.8068689	-1.71974	28416.672	-10826.01	0	0	1.0	1.795359	0.011261927	73000	817.0551047325134
73	1.6214243	0.0	1.6214243	1.6214243	1290.0	0.0	1290.0	1290.0	1000.0	94650.0	1.279054054054054	-0.76656127	0.6656877	1.183384	-3.1093426	156.39833	22.174494	183.82948	83.09351	-9.059906e-09	-0.012808588	1.4953613e-06	0.11163354	1.8093618	-1.7411047	41433.09	-2626.9688	0	0	2.0	1.7947578	0.011778726	74000	827.8588893413544
74	8.320564	0.0	8.320564	8.320564	410.0	0.0	410.0	410.0	1000.0	95060.0	1.2674666666666667	0.023496505	0.5134595	1.3230071	-1.5386025	147.00394	17.812813	180.66508	73.46665	9.536743e-09	-0.017764097	1.6784668e-06	0.060203247	1.4742	-1.4009256	12253.922	-6992.1006	0	0	7.0	1.7936716	0.012088571	75000	838.8598346710205
75	2.7948217	0.0	2.7948217	2.7948217	3530.0	0.0	3530.0	3530.0	1000.0	98590.0	1.2972368421052631	0.6031378	0.47753006	1.9515704	-1.0732086	100.88387	38.870834	176.5331	25.87197	-1.859665e-08	-0.014953862	-3.2653809e-06	-0.8907144	1.309188	-1.2540679	163368.03	-27439.547	0	0	5.0	1.7922878	0.01468176	76000	851.0467455387115
76	-14.039795	0.0	-14.039795	-14.039795	0.0	0.0	0.0	0.0	1000.0	98590.0	1.2803896103896104	0.29500565	0.5725474	1.9306377	-1.0287054	166.2327	26.935291	195.43794	30.702927	-8.2492825e-08	-0.015288737	-8.2397463e-07	-0.3223271	4.5245204	-4.3525734	24965.137	-17967.926	0	0	5.0	1.792999	0.016152428	77000	861.9644656181335
77	-10.372992	0.0	-10.372992	-10.372992	0.0	0.0	0.0	0.0	1000.0	98590.0	1.263974358974359	-1.4407071	0.66525424	0.85992354	-2.6117735	82.61403	40.608162	186.19545	-23.413538	-6.6757204e-09	-0.0133154625	6.713867e-07	0.044646423	2.3334365	-2.1526387	7199.5527	-5800.206	0	0	5.0	1.792983	0.012577419	78000	872.8372194766998
78	4.2139187	0.0	4.2139187	4.2139187	0.0	0.0	0.0	0.0	1000.0	98590.0	1.2479746835443037	-0.6907295	0.8914882	1.6454189	-3.1255777	55.580273	45.051723	176.92497	-77.18978	-1.1205673e-08	-0.0074163014	4.386902e-07	0.08639839	2.6533077	-2.574851	5045.578	-4848.2446	0	0	2.0	1.7920669	0.0077533205	79000	883.6924386024475
79	-2.2272134	0.0	-2.2272134	-2.2272134	1710.0	0.0	1710.0	1710.0	1000.0	100300.0	1.25375	0.6294623	0.5507914	2.1290853	-2.0210843	16.82107	24.790009	170.5478	-38.012123	7.629395e-09	-0.028608218	3.7231446e-06	0.93138874	1.0823483	-1.0519214	34800.496	-16654.977	0	0	10.0	1.7915788	0.013731264	80000	895.0032675266266
80	0.6700065	0.0	0.6700065	0.6700065	0.0	0.0	0.0	0.0	1000.0	100300.0	1.2382716049382716	-0.31847984	0.6047032	2.0827055	-2.4671643	100.07681	27.629923	179.5554	-40.754433	-8.8214875e-09	-0.008163871	-1.6479493e-06	-0.14028387	2.5147202	-2.359328	9474.335	-8239.615	0	0	2.0	1.7910397	0.010836967	81000	906.9517545700073
81	-2.9723558	0.0	-2.9723558	-2.9723558	0.0	0.0	0.0	0.0	1000.0	100300.0	1.223170731707317	0.27405488	0.8218428	2.265198	-2.5192828	29.455399	21.033905	138.74423	-87.93867	-9.536743e-09	-0.0024910332	-1.8310547e-07	-0.05097885	1.1283672	-1.0906657	1166.2195	-971.1117	0	0	1.0	1.7907901	0.029543366	82000	917.7166130542755
82	8.735316	0.0	8.735316	8.735316	200.0	0.0	200.0	200.0	1000.0	100500.0	1.2108433734939759	-0.13501984	0.5820672	1.7416798	-2.3433948	10.614434	19.104746	97.72213	-66.7587	1.4781952e-08	-0.026484566	3.8146973e-07	0.24840708	2.2476358	-2.1100142	1252.8358	-422.49634	0	0	13.0	1.7905169	0.012125088	83000	929.046632528305
83	-13.72898	0.0	-13.72898	-13.72898	1440.0	0.0	1440.0	1440.0	1000.0	101940.0	1.2135714285714285	0.81843674	0.75070304	3.1666272	-1.9006495	28.787588	24.014723	170.79138	-3.4728293	-1.2397766e-08	-0.01150755	-2.5939942e-06	-0.39637715	7.0460753	-6.878344	36867.96	-15053.691	0	0	2.0	1.7929479	0.014314247	84000	940.7486410140991
84	3.3528683	0.0	3.3528683	3.3528683	1900.0	0.0	1900.0	1900.0	1000.0	103840.0	1.2216470588235293	-1.285934	1.1153476	1.1148111	-3.6837687	98.843315	26.771507	184.4736	3.5083137	1.6450882e-08	-0.013550127	3.1509398e-06	0.97732323	7.1559896	-6.944224	41885.51	-6079.629	0	0	4.0	1.7933437	0.01446496	85000	951.6213800907135
85	-13.1677475	0.0	-13.1677475	-13.1677475	3680.0	0.0	3680.0	3680.0	1000.0	107520.0	1.2502325581395348	-0.12300148	0.7551237	2.4388857	-2.322048	113.4048	35.49019	185.14526	-45.597786	-4.053116e-08	-0.012977709	1.3153076e-05	1.2831697	3.438356	-3.2764719	178333.62	-29727.562	0	0	4.0	1.792993	0.006658187	86000	963.7057726383209
86	2.793083	0.0	2.793083	2.793083	0.0	0.0	0.0	0.0	1000.0	107520.0	1.2358620689655173	-0.41355756	0.8739362	1.4092548	-3.153074	189.25632	12.291222	216.30283	100.1864	3.4809112e-08	-0.010293921	-4.7302245e-07	-0.017815918	1.4773256	-1.3912028	30210.324	-20415.46	0	0	4.0	1.7921214	0.0093868645	87000	974.7185845375061
87	7.865551	0.0	7.865551	7.865551	4610.0	0.0	4610.0	4610.0	1000.0	112130.0	1.2742045454545454	-0.18283615	0.6409542	2.043299	-2.3050714	146.46487	35.520298	196.02667	9.656399	-1.3947487e-08	-0.011209098	9.529113e-06	-0.12689228	1.6799421	-1.584684	209101.44	-38552.453	0	0	2.0	1.791381	0.010449853	88000	985.6059911251068
88	-11.991692	0.0	-11.991692	-11.991692	1320.0	0.0	1320.0	1320.0	1000.0	113450.0	1.2747191011235954	0.49983442	0.80840045	3.1099167	-1.3591866	210.15642	37.67704	235.62025	44.550762	4.5776368e-08	-0.011246963	1.3427734e-06	-0.11761316	4.2584906	-4.1745214	33512.734	-11603.613	0	0	2.0	1.790906	0.006938492	89000	996.5038888454437
89	1.034129	0.0	1.034129	1.034129	140.0	0.0	140.0	140.0	1000.0	113590.0	1.2621111111111112	-1.3145837	0.5786638	0.16219026	-2.7300844	154.95206	53.898766	230.35732	7.811576	-2.9087067e-08	-0.016051238	1.7089844e-06	-0.6451466	2.610066	-2.5282135	18731.996	-16848.826	0	0	6.0	1.7903402	0.01568742	90000	1007.5444602966309
90	-20.605326	0.0	-20.605326	-20.605326	0.0	0.0	0.0	0.0	1000.0	113590.0	1.2482417582417582	0.11131486	0.7735611	2.2469327	-2.1408734	35.255577	33.66764	206.0909	-134.83224	-5.173683e-08	-0.012634711	-1.2207032e-07	-0.020900542	6.329739	-6.109299	2142.622	-1873.188	0	0	2.0	1.7898974	0.0076764575	91000	1019.6858913898468
91	2.2531753	0.0	2.2531753	2.2531753	0.0	0.0	0.0	0.0	1000.0	113590.0	1.2346739130434783	-1.981648	0.851545	0.43364596	-4.169096	18.825895	25.361294	167.26578	-45.89181	7.152557e-09	-0.008534941	1.2207032e-07	0.03140567	5.5568357	-5.422941	998.421	-766.6443	0	0	2.0	1.7896624	0.015474436	92000	1030.500188112259
92	-2.9460313	0.0	-2.9460313	-2.9460313	4440.0	0.0	4440.0	4440.0	1000.0	118030.0	1.2691397849462365	-0.21020314	0.56199366	1.2055421	-2.2960956	11.978109	34.43178	183.1945	-68.02472	9.536743e-09	-0.00024284529	-1.0360718e-05	0.10871147	0.6971693	-0.61258024	209906.3	-110717.38	0	0	1.0	1.7898684	0.017930023	93000	1041.4376788139343
93	6.747124	0.0	6.747124	6.747124	520.0	0.0	520.0	520.0	1000.0	118550.0	1.2611702127659574	-0.28513914	0.45944592	0.8910361	-2.0891275	222.53226	31.47973	242.68686	109.70952	-5.722046e-09	-0.0052754483	-2.1209717e-06	-0.15242852	1.4855857	-1.3919678	41402.45	-27834.79	0	0	2.0	1.7901974	0.016481316	94000	1052.221604347229
94	-3.8759606	0.0	-3.8759606	-3.8759606	0.0	0.0	0.0	0.0	1000.0	118550.0	1.2478947368421052	1.2376993	0.57548624	3.1899562	-0.53707397	145.93054	39.902336	230.17828	-7.7542505	-3.170967e-08	-0.0066442387	6.713867e-07	0.24051282	3.1683946	-3.0491216	18327.666	-13973.505	0	0	2.0	1.7904936	0.007819618	95000	1063.2037103176117
95	-6.3254457	0.0	-6.3254457	-6.3254457	0.0	0.0	0.0	0.0	1000.0	118550.0	1.2348958333333333	-0.2913114	0.713734	1.4289628	-2.0117323	66.54977	23.892204	186.88065	-70.437096	2.3841857e-09	-0.011774272	2.4414064e-07	0.18999214	1.002897	-0.9329729	4212.164	-3172.4697	0	0	4.0	1.790818	0.019033162	96000	1075.3248035907745
96	-1.5249102	0.0	-1.5249102	-1.5249102	390.0	0.0	390.0	390.0	1000.0	118940.0	1.2261855670103092	-0.8958555	0.5940651	0.8083693	-2.2676172	36.62403	27.304487	206.54355	-63.7697	1.5735626e-08	-0.017974991	1.0070801e-06	-0.37290525	1.2783518	-1.2344857	5774.324	-1231.1895	0	0	6.0	1.7919269	0.01599173	97000	1086.3002071380615
97	-8.465226	0.0	-8.465226	-8.465226	0.0	0.0	0.0	0.0	1000.0	118940.0	1.213673469387755	-0.46701849	0.65688527	1.4141872	-2.2503643	18.949856	18.997997	153.8502	-62.101177	-1.9073486e-08	-0.013236378	-9.1552735e-08	0.14511436	1.2807103	-1.2314464	742.57837	-536.016	0	0	4.0	1.7951837	0.014104759	98000	1097.3424787521362
98	3.8573604	0.0	3.8573604	3.8573604	0.0	0.0	0.0	0.0	1000.0	118940.0	1.2014141414141415	-0.7230892	0.3865943	0.7579591	-1.7842052	8.787472	17.353567	144.32607	-52.399006	1.0871887e-07	-0.021946473	2.1362305e-07	0.053840686	1.4011018	-1.3606477	374.06625	-228.19336	0	0	9.0	1.7976639	0.010358412	99000	1108.3917300701141
99	-6.2418528	0.0	-6.2418528	-6.2418528	3810.0	0.0	3810.0	3810.0	1000.0	122750.0	1.2275	0.18994683	0.5002886	1.7481408	-1.2905216	16.528395	35.93064	218.10965	-62.133724	-2.336502e-08	-0.012503832	-2.9296875e-06	-0.95035714	1.3783534	-1.3036873	200204.95	-95490.51	0	0	6.0	1.7984076	0.01751213	100000	1120.6679990291595
