Epoch	AverageEpRet	StdEpRet	MaxEpRet	MinEpRet	AverageTestEpRet	StdTestEpRet	MaxTestEpRet	MinTestEpRet	EpLen	TestEpLen	AverageEpCost	StdEpCost	MaxEpCost	MinEpCost	AverageTestEpCost	StdTestEpCost	MaxTestEpCost	MinTestEpCost	TotalEnvInteracts	AverageQVals	StdQVals	MaxQVals	MinQVals	LossPi	LossQ	Time
1	26.297394	68.551636	115.321266	-34.421158	-69.01992	122.11794	7.75681	-293.86172	1000.0	1000.0	335.0	646.6413	1960.0	0.0	3358.5	4098.2173	14650.0	0.0	10000.0	1.4001999	1.4727179	112.945015	-1.9966598	-1.585382	1.8918169	98.96610832214355
2	-12.422659	15.341672	12.3165045	-31.212444	-144.63748	144.91133	0.08709981	-311.98895	1000.0	1000.0	906.0	919.45856	2600.0	0.0	822.0	2301.9568	9740.0	0.0	20000.0	7.382771	10.665759	217.42941	-7.5691376	-7.9002194	2.3530636	207.73179125785828
3	-20.600819	58.238808	2.3306882	-194.88731	-0.04907169	0.34705594	0.67663884	-0.8728893	1000.0	1000.0	135.0	405.0	1350.0	0.0	987.5	1484.459	5970.0	0.0	30000.0	19.53679	17.354696	201.5223	-4.467567	-20.172487	1.582702	319.2436218261719
4	0.1025968	0.40738285	0.94283444	-0.5430601	0.008691413	0.27884322	0.6403249	-0.57652175	1000.0	1000.0	111.0	231.27689	700.0	0.0	496.5	788.08167	2080.0	0.0	40000.0	27.574627	23.18479	197.55196	1.2946813	-28.257998	1.3294107	429.9893217086792
5	0.21903877	0.17502205	0.48420924	4.316654e-06	0.0051683276	0.41000283	0.9055052	-1.2201265	1000.0	1000.0	2161.0	2176.8713	5940.0	0.0	505.5	1028.5157	2950.0	0.0	50000.0	36.59829	31.996815	257.00882	0.18436211	-37.10528	1.0782108	536.9313144683838
6	0.05839468	0.17483044	0.39714995	-0.19338922	-0.013244453	0.46067733	0.5877374	-1.6958088	1000.0	1000.0	687.0	1121.7401	3510.0	0.0	1168.0	1326.2827	3420.0	0.0	60000.0	41.555058	36.437336	241.90878	1.3497758	-42.55944	1.1097548	645.9381692409515
7	0.12455145	0.75873226	2.331486	-0.51435727	0.18864281	0.4589798	1.0049099	-0.85997534	1000.0	1000.0	0.0	0.0	0.0	0.0	1028.0	1157.1154	3440.0	0.0	70000.0	50.74855	44.341152	254.26318	2.6107697	-51.74902	1.0902433	761.7310483455658
8	1.1579766	3.7633832	12.4104805	-0.58345103	-114.61975	142.93214	13.101064	-303.3198	1000.0	1000.0	142.0	239.07321	720.0	0.0	1539.0	2986.5144	10530.0	0.0	80000.0	80.842705	77.949684	278.57275	1.3552735	-82.86174	1.4011221	874.4513294696808
9	-10.654797	32.029408	0.78239954	-106.73791	-0.113534465	0.46500888	0.77847433	-0.94806546	1000.0	1000.0	0.0	0.0	0.0	0.0	630.0	817.37384	2170.0	0.0	90000.0	87.779495	85.58557	396.31717	0.49209	-89.50912	1.6330731	983.8316035270691
10	0.09598179	0.322672	0.8345216	-0.30301115	0.0032040894	0.43593884	0.93486583	-0.81104964	1000.0	1000.0	0.0	0.0	0.0	0.0	416.5	809.69293	2480.0	0.0	100000.0	124.20237	122.550156	386.88577	1.2341213	-125.52473	1.8360385	1095.1081249713898
11	0.08296002	0.4888136	1.0262852	-0.9588027	-0.24352555	0.62196386	0.59044427	-1.8868461	1000.0	1000.0	518.0	1060.9977	3140.0	0.0	704.0	1450.2979	5430.0	0.0	110000.0	118.10167	119.614716	440.4728	0.7617842	-121.23009	2.1523254	1205.9634249210358
12	-0.1539118	0.505406	0.56508654	-1.189104	-0.025366113	0.37157333	0.72146684	-1.0173564	1000.0	1000.0	0.0	0.0	0.0	0.0	56.0	115.342964	380.0	0.0	120000.0	153.69472	154.45648	474.72244	-0.30295444	-153.84412	2.2955134	1316.1282694339752
13	0.20734635	0.54181457	0.8556776	-1.0567778	-0.013536054	0.45371035	1.0631251	-0.9621528	1000.0	1000.0	415.0	994.4974	3300.0	0.0	298.5	585.6729	1870.0	0.0	130000.0	134.32854	139.02806	512.6869	0.049419105	-138.45177	2.6685336	1425.3196351528168
14	-0.10027613	0.391754	0.46208128	-0.98319036	0.14567609	0.6397357	2.0909092	-0.88839215	1000.0	1000.0	862.0	1717.5203	4660.0	0.0	497.0	897.99274	3250.0	0.0	140000.0	181.03085	185.52509	526.6959	-0.22984868	-180.31236	3.4829066	1534.7032885551453
15	0.1659905	0.47924152	1.2365234	-0.47777104	-0.0076461895	0.4862082	1.235145	-0.77738076	1000.0	1000.0	692.0	1566.3257	5100.0	0.0	732.5	1388.3151	5490.0	0.0	150000.0	136.47368	148.38068	593.9234	-0.4993484	-141.79774	5.25292	1644.2519476413727
16	-0.02011714	0.39870757	0.65995955	-0.94539285	-0.025428161	0.46413288	1.0438297	-1.1867235	1000.0	1000.0	263.0	516.3729	1330.0	0.0	136.0	365.17667	1490.0	0.0	160000.0	258.6678	262.75317	713.49414	-0.73763984	-261.7947	7.279479	1752.7198770046234
17	-0.14103042	0.31993577	0.2582891	-0.66441625	0.063091576	0.41071337	0.8939244	-0.9584422	1000.0	1000.0	128.0	370.85846	1240.0	0.0	307.0	1054.3107	4820.0	0.0	170000.0	202.92924	214.45251	1021.58203	-0.89647764	-208.17026	12.046826	1861.9056766033173
18	0.07987332	0.4140841	0.9458297	-0.7192869	-0.19946428	0.48288023	0.8683566	-1.5674913	1000.0	1000.0	489.0	989.4084	2780.0	0.0	373.5	1324.7803	5970.0	0.0	180000.0	445.8323	459.70404	1201.6289	-0.96558505	-457.58374	18.663359	1970.8570222854614
19	-0.06904509	0.7587962	1.8508954	-0.9926382	-0.04983027	0.44734648	1.4747424	-0.8492535	1000.0	1000.0	943.0	1273.6487	3370.0	0.0	1008.0	1129.3254	3500.0	0.0	190000.0	329.45917	346.32913	1338.1643	-1.5133541	-326.60965	20.449917	2079.1584520339966
20	0.13585418	0.42137033	1.0854101	-0.54802966	-0.016672509	0.40352082	0.78956205	-0.8647749	1000.0	1000.0	40.0	120.0	400.0	0.0	248.5	602.16504	2310.0	0.0	200000.0	506.17105	536.2167	1613.1395	-1.957864	-526.5292	26.913065	2187.2169423103333
21	-0.062011153	0.665288	1.1302962	-1.2078848	0.0029076985	0.37769404	0.78065103	-0.958839	1000.0	1000.0	101.0	196.49173	650.0	0.0	4.0	17.435596	80.0	0.0	210000.0	659.3675	666.7909	1859.3463	-2.1553729	-661.30817	33.187088	2294.9446849823
22	0.13996848	0.25628626	0.65205437	-0.28413874	-0.18989441	0.45209965	0.68122977	-1.7027023	1000.0	1000.0	1034.0	1448.0829	3720.0	0.0	457.5	951.2406	3280.0	0.0	220000.0	606.4403	622.6027	2303.1335	-2.1911223	-622.2898	44.97902	2403.3669867515564
23	-0.13106863	0.48752388	0.6475037	-0.90274554	-0.1303157	0.52060133	0.7220233	-1.2158685	1000.0	1000.0	489.0	980.7798	2610.0	0.0	0.0	0.0	0.0	0.0	230000.0	999.7966	1014.47437	2868.6577	-2.0385199	-1021.2017	66.51245	2510.8213353157043
24	-0.104106866	0.31418285	0.5391947	-0.5447119	-0.099554256	0.43318945	0.8012478	-1.2066993	1000.0	1000.0	758.0	792.0833	2480.0	0.0	565.0	1204.5559	4310.0	0.0	240000.0	955.4307	967.02515	3238.4746	-2.5709963	-957.596	87.91705	2619.4650938510895
25	0.035507448	0.35652986	0.9235797	-0.6363819	-0.24494362	0.46522677	0.43669805	-1.7708865	1000.0	1000.0	55.0	146.09929	490.0	0.0	687.5	1198.3983	3970.0	0.0	250000.0	1069.1392	1093.9498	3528.1292	-2.5451677	-1097.1527	114.70393	2723.3473279476166
26	-0.18728784	0.62712145	0.951844	-1.5957755	-0.030991996	0.41227758	0.89301544	-0.84337306	1000.0	1000.0	1289.0	1763.3175	5100.0	0.0	178.0	488.78012	2020.0	0.0	260000.0	1213.7175	1229.4535	3980.653	-2.750977	-1215.4742	132.19394	2827.3036239147186
27	-0.12853062	0.63149387	0.7293356	-1.3810169	-0.16156836	0.47129554	0.6527107	-1.4608524	1000.0	1000.0	1326.0	1763.2709	4390.0	0.0	955.5	1337.72	4180.0	0.0	270000.0	1066.179	1095.3252	4235.9697	-1.8140972	-1091.6858	195.45195	2930.6866178512573
28	0.13166681	0.3937849	0.85591406	-0.6264189	-0.01746452	0.3076813	0.8614848	-0.60063386	1000.0	1000.0	171.0	341.27554	990.0	0.0	416.0	766.62506	2520.0	0.0	280000.0	1870.0614	1914.2726	5615.5503	-2.1923673	-1918.3314	280.4604	3034.031888961792
29	-0.13423851	0.22711533	0.15523022	-0.5818404	0.18707818	0.33699298	0.97643596	-0.3718179	1000.0	1000.0	286.0	508.07874	1330.0	0.0	203.0	478.9269	1970.0	0.0	290000.0	1546.8767	1653.6221	5946.598	-1.6254008	-1519.808	383.8955	3137.342271089554
30	-0.11250128	0.23429519	0.19235161	-0.63100195	-0.010558413	0.39592338	1.1130648	-0.7484326	1000.0	1000.0	12.0	25.612497	80.0	0.0	191.0	533.272	1860.0	0.0	300000.0	1416.8315	1572.7279	7699.365	-1.4861883	-1486.3817	564.1948	3241.1064331531525
31	0.27101043	0.3511786	0.97875184	-4.644534e-06	0.046117254	0.5777913	1.0985534	-1.1862957	1000.0	1000.0	212.0	636.0	2120.0	0.0	292.5	833.3179	3610.0	0.0	310000.0	3991.2249	4227.2173	12765.102	-1.3858225	-4156.3237	1066.6532	3345.5694847106934
32	-0.09719709	0.3155153	0.44331703	-0.76698107	0.14783254	0.4119492	0.93906224	-0.94639707	1000.0	1000.0	517.0	1040.7118	2980.0	0.0	4.5	14.309088	60.0	0.0	320000.0	5441.617	5487.6396	18545.637	-1.6925311	-5482.3145	2286.0981	3449.9436569213867
33	-0.1450868	0.3586367	0.2721679	-1.0084207	0.040403087	0.31425533	0.82068527	-0.81724644	1000.0	1000.0	686.0	1590.718	5230.0	0.0	9.0	39.23009	180.0	0.0	330000.0	5519.8535	5724.047	26747.787	-1.6539403	-5684.972	4137.8516	3553.61567234993
34	0.03012597	0.2756522	0.6028055	-0.5366738	-0.026919132	0.15522246	0.22693518	-0.56024396	1000.0	1000.0	31.0	63.0	180.0	0.0	194.5	593.0386	2280.0	0.0	340000.0	12416.459	13163.642	41467.234	-1.7213101	-12939.705	9718.279	3657.289355278015
35	0.10860568	0.2559556	0.55111265	-0.33223164	-0.08675296	0.52847195	1.4002662	-1.2840698	1000.0	1000.0	0.0	0.0	0.0	0.0	1230.0	1944.2711	7440.0	0.0	350000.0	20740.756	21003.273	64698.664	-1.9362159	-21163.605	22347.145	3760.9474177360535
36	-0.057975106	0.65856946	1.457094	-1.4387323	-0.04539897	0.26571643	0.70183486	-0.83490187	1000.0	1000.0	1412.0	2861.3206	8090.0	0.0	531.0	1332.9099	4950.0	0.0	360000.0	22672.54	22849.582	86882.48	-1.8356267	-22909.918	43834.805	3864.5697572231293
37	0.09796424	0.60243887	1.0369104	-1.1047735	0.008887385	0.29988596	0.76947993	-0.8462268	1000.0	1000.0	507.0	1197.6315	3960.0	0.0	240.5	639.7927	2360.0	0.0	370000.0	26284.477	26984.549	117579.51	-1.5963408	-26967.443	71871.32	3968.3577709198
38	-0.1071583	0.37938857	0.4998895	-0.7329589	-0.08965873	0.33481213	0.8599913	-0.950564	1000.0	1000.0	0.0	0.0	0.0	0.0	338.5	898.12177	3040.0	0.0	380000.0	44145.957	45670.42	151166.1	-1.7017801	-45573.67	138455.72	4071.6407935619354
39	-0.08397509	0.24762122	0.3805589	-0.52113926	-0.0058840094	0.37263957	0.6454957	-1.1072785	1000.0	1000.0	0.0	0.0	0.0	0.0	414.0	830.1831	3170.0	0.0	390000.0	71437.21	72878.55	196271.5	-1.94729	-73298.15	232317.72	4175.223124742508
40	-0.12561575	0.33939436	0.34131828	-0.6125363	0.07676701	0.43708056	0.7682853	-1.2341516	1000.0	1000.0	459.0	905.23425	2620.0	0.0	496.0	940.20953	3740.0	0.0	400000.0	91400.234	92246.766	260044.44	-1.8088725	-92718.74	451397.3	4279.483868360519
41	0.07132037	0.54588705	1.2589025	-0.6478706	0.15010181	0.5622185	1.5244194	-0.9201309	1000.0	1000.0	390.0	807.8242	2420.0	0.0	684.0	1413.5714	4980.0	0.0	410000.0	93020.57	94110.305	339933.66	-1.8334162	-93755.51	904908.2	4383.541944980621
42	-0.028473306	0.5081632	0.92834425	-1.2904214	0.014535296	0.65907574	1.4168608	-1.2689985	1000.0	1000.0	41.0	99.24213	330.0	0.0	329.0	773.32336	2660.0	0.0	420000.0	90630.99	92407.8	429501.38	-1.799797	-91867.46	1455737.0	4487.524618387222
43	0.1285933	0.58118457	1.1966027	-0.69935316	0.13834104	0.28224877	0.80033046	-0.30730549	1000.0	1000.0	153.0	346.81552	1130.0	0.0	133.5	383.50064	1590.0	0.0	430000.0	126596.25	132275.95	631934.56	-3.3788695	-130811.53	2393902.0	4591.359034538269
44	-0.12042972	0.5530469	0.752358	-1.1334594	0.021318085	0.27845043	0.58791554	-0.558941	1000.0	1000.0	253.0	487.73047	1300.0	0.0	0.0	0.0	0.0	0.0	440000.0	233330.22	242585.92	924656.4	-1.9159701	-241256.95	4464230.5	4694.839516401291
45	0.37916118	0.4984385	1.3683821	-0.00047259568	-0.06924847	0.39166635	0.8341917	-0.8845949	1000.0	1000.0	49.0	147.0	490.0	0.0	686.5	1389.8894	4800.0	0.0	450000.0	387802.97	397320.84	1200362.0	-1.6489273	-398851.66	7465844.5	4799.662513256073
46	0.021679997	0.3576827	0.8276095	-0.540276	-0.06045887	0.5775071	1.1277403	-1.4774048	1000.0	1000.0	492.0	988.9065	2680.0	0.0	140.5	330.32523	1150.0	0.0	460000.0	558958.6	566170.8	1411427.4	-1.6704558	-570698.1	10392045.0	4903.959824562073
47	-0.12667368	0.5879214	0.79303986	-1.2492574	-0.024209157	0.5871308	1.571184	-0.9509197	1000.0	1000.0	993.0	2307.293	7600.0	0.0	532.0	909.4977	2540.0	0.0	470000.0	664026.7	669229.25	1549782.4	-2.229472	-672789.3	13918229.0	5009.012432336807
48	-0.09758596	0.5069706	0.9189081	-0.8975828	-0.06162117	0.47617003	0.7233993	-1.274423	1000.0	1000.0	621.0	1462.0836	4830.0	0.0	783.0	1092.525	3650.0	0.0	480000.0	657912.7	663221.5	1633957.5	-1.4145308	-662365.1	16935454.0	5113.109287023544
49	-0.04800379	0.4469257	0.55642617	-0.96592224	0.042782295	0.4544192	0.83981526	-1.1052129	1000.0	1000.0	60.0	144.49913	480.0	0.0	346.5	731.47296	2510.0	0.0	490000.0	562187.7	569489.75	1681241.6	-1.1824348	-563056.44	21052890.0	5216.7525062561035
50	-0.0085897595	0.5391851	0.8589658	-0.99704254	0.20495239	0.624763	1.3028241	-1.5359049	1000.0	1000.0	848.0	1176.7905	3490.0	0.0	862.0	1479.0388	5270.0	0.0	500000.0	441096.28	449969.16	1697847.5	-1.214517	-441052.97	23078090.0	5320.161319971085
51	0.03542714	0.4372632	0.71768993	-1.0168225	-0.14061847	0.58297515	0.9390094	-2.0586	1000.0	1000.0	0.0	0.0	0.0	0.0	255.5	578.7268	2300.0	0.0	510000.0	381501.88	390327.34	1969181.4	-0.97266346	-385852.2	28261898.0	5423.850895881653
52	0.17834127	0.35370567	0.7575874	-0.47087303	-0.036012672	0.57787895	1.2657531	-1.4334658	1000.0	1000.0	188.0	397.73862	1230.0	0.0	626.0	1014.2012	3050.0	0.0	520000.0	497334.38	515084.9	2711871.0	-1.6232524	-511085.1	44599000.0	5528.256894826889
53	0.08013647	0.5359708	0.93029225	-1.2121556	-0.023733083	0.3252698	0.698125	-0.75731516	1000.0	1000.0	1174.0	1574.3329	4690.0	0.0	240.0	653.3835	2550.0	0.0	530000.0	796658.0	823336.7	3561257.2	-1.4171164	-820765.2	78884890.0	5632.456143140793
54	-0.0025934516	0.22824454	0.40750572	-0.3762584	0.11444869	0.6464115	1.7127348	-1.0919921	1000.0	1000.0	298.0	697.44965	2300.0	0.0	1345.0	2094.6611	7430.0	0.0	540000.0	1263775.9	1293679.6	5047825.0	-1.4909661	-1299003.2	136181170.0	5737.044245004654
55	0.115121104	0.67555183	1.7225554	-0.8532663	0.044421166	0.3487739	0.74968004	-0.71228087	1000.0	1000.0	29.0	58.728188	190.0	0.0	178.0	537.02515	1960.0	0.0	550000.0	1920345.8	1955732.8	6297816.5	-1.5924375	-1970430.4	211554400.0	5840.772817611694
56	0.15463659	0.3048815	0.9111803	-0.2095019	0.04842674	0.38242292	0.9460337	-0.6906299	1000.0	1000.0	0.0	0.0	0.0	0.0	0.0	0.0	0.0	0.0	560000.0	2737608.8	2777498.2	7989064.5	-1.8091934	-2801643.0	280448260.0	5945.192215204239
57	0.03426017	0.24720795	0.56193596	-0.44725612	0.1568573	0.5308631	1.1366459	-1.0731835	1000.0	1000.0	56.0	168.0	560.0	0.0	135.5	411.4423	1670.0	0.0	570000.0	3641197.5	3677893.0	9385217.0	-1.942107	-3713229.5	363466530.0	6048.989545106888
58	-0.052438796	0.41875914	0.7148427	-0.8406092	0.07446482	0.45868018	0.75770205	-1.3501837	1000.0	1000.0	548.0	1061.9021	3440.0	0.0	498.5	826.67566	2640.0	0.0	580000.0	4401637.5	4432405.5	10401823.0	-1.6877737	-4473122.0	395024960.0	6152.885550260544
59	-0.050923012	0.5126603	1.0707849	-1.0663897	-0.14750914	0.5232261	0.8159091	-1.0825405	1000.0	1000.0	0.0	0.0	0.0	0.0	1107.0	1434.2352	4860.0	0.0	590000.0	4886626.0	4913839.0	11078376.0	-1.4780288	-4947159.5	400408320.0	6256.938362360001
60	0.1559886	0.34815517	0.7502006	-0.5113379	-0.066170506	0.34459007	0.7043609	-0.7772669	1000.0	1000.0	892.0	1708.6123	5260.0	0.0	87.5	304.02097	1360.0	0.0	600000.0	4977903.5	5004831.0	11488402.0	-1.6267304	-5025209.5	433179330.0	6360.913808584213
61	0.13581376	0.3362398	0.7410418	-0.40279615	0.019643333	0.56098795	1.2192485	-0.94102514	1000.0	1000.0	259.0	507.78833	1660.0	0.0	18.0	61.04097	270.0	0.0	610000.0	4707183.5	4734682.0	11706148.0	-1.8084497	-4738576.0	476510270.0	6465.017848968506
62	-0.14989115	0.18862364	0.18114644	-0.41655383	0.079114676	0.29318252	0.7321113	-0.66595846	1000.0	1000.0	813.0	1016.39606	2480.0	0.0	220.0	424.8647	1570.0	0.0	620000.0	4262343.5	4290731.5	11824613.0	-1.369317	-4286057.0	491311500.0	6569.443868398666
63	-0.17607684	0.34034452	0.3993875	-0.7440538	-0.041722942	0.49804416	1.092615	-1.0651295	1000.0	1000.0	0.0	0.0	0.0	0.0	915.5	1357.4515	4540.0	0.0	630000.0	3809922.0	3839155.0	11755756.0	-1.1710395	-3830622.5	476350820.0	6674.13444685936
64	-0.2677301	0.43042117	0.32917172	-1.0225376	0.25669947	0.38102362	1.0102829	-0.18490234	1000.0	1000.0	849.0	1140.6528	3400.0	0.0	879.0	2541.0115	10310.0	0.0	640000.0	3344508.5	3375293.2	11412622.0	-1.2155756	-3361408.2	468763970.0	6777.548909902573
65	-0.08980282	0.30917794	0.44972	-0.6868336	0.02768755	0.49842355	1.3107979	-0.7063239	1000.0	1000.0	288.0	426.35196	1360.0	0.0	518.0	1035.2083	3110.0	0.0	650000.0	3069292.5	3094197.0	11239238.0	-1.2221917	-3091573.5	420856030.0	6881.181512117386
66	0.34981427	0.78739303	2.0499902	-0.52862823	0.0130099775	0.61556506	1.4759885	-1.4005649	1000.0	1000.0	282.0	691.4738	2310.0	0.0	410.0	924.9973	3580.0	0.0	660000.0	2921221.2	2943430.2	11086034.0	-1.2289463	-2947725.0	446814000.0	6985.178640604019
67	0.13846692	0.3798317	1.068707	-0.32623443	-0.15143429	0.62207615	1.2464402	-1.4526829	1000.0	1000.0	548.0	945.11163	2590.0	0.0	965.5	1456.6381	3900.0	0.0	670000.0	3016328.2	3042429.0	12091960.0	-1.4493121	-3060998.2	565614660.0	7089.388568162918
68	0.12358687	0.748803	1.4227488	-1.6557034	0.011152719	0.34524444	0.7371657	-0.57454294	1000.0	1000.0	1640.0	1853.4347	5570.0	0.0	593.0	901.21643	3050.0	0.0	680000.0	3600925.2	3640379.2	14035890.0	-1.1965208	-3672283.5	826325060.0	7193.074170351028
69	0.060725886	0.5043763	0.98359716	-0.92895937	0.22840652	0.72674716	2.5556114	-0.87773424	1000.0	1000.0	471.0	949.4256	2620.0	0.0	756.5	943.5797	2310.0	0.0	690000.0	4804613.5	4866921.0	17622762.0	-1.4590744	-4911864.0	1184143600.0	7296.562838554382
70	0.32270783	0.65899867	2.0245576	-0.42600566	0.09826587	0.7195336	1.5647591	-2.2142806	1000.0	1000.0	554.0	1041.5873	3510.0	0.0	78.5	282.21048	1290.0	0.0	700000.0	6451395.5	6536300.5	22003754.0	-1.3415232	-6594692.0	1905953700.0	7400.294271469116
71	0.12107389	0.33895642	0.6490767	-0.28712696	0.9828374	1.5504174	4.815454	-0.23908885	1000.0	1000.0	855.0	1257.3086	3660.0	0.0	792.5	1898.4517	7090.0	0.0	710000.0	8322547.5	8402591.0	25306974.0	-1.068716	-8482907.0	2535202000.0	7503.810136079788
72	-0.13691436	1.5885862	3.0211945	-3.140081	0.023971152	0.488301	0.9942673	-1.1743878	1000.0	1000.0	681.0	1371.7467	3770.0	0.0	1286.0	1549.1301	4600.0	0.0	720000.0	10185948.0	10261432.0	28557182.0	-1.0040762	-10357837.0	3150365000.0	7607.170335769653
73	0.33933654	0.5656359	1.4351187	-0.478799	0.01314674	0.3303943	0.72566736	-1.2192926	1000.0	1000.0	2608.0	2067.819	7350.0	0.0	507.0	975.99744	3980.0	0.0	730000.0	11900074.0	11978086.0	31297138.0	-1.2569872	-12089052.0	3298494700.0	7710.643372058868
74	0.09642968	0.26796487	0.5036981	-0.49048445	-0.030216694	0.24142446	0.5276681	-0.5343139	1000.0	1000.0	22.0	66.0	220.0	0.0	682.5	1578.9138	5790.0	0.0	740000.0	13374059.0	13449354.0	33331384.0	-0.9863355	-13566127.0	3424864800.0	7814.127799749374
75	-0.058701403	0.17424482	0.23969422	-0.39650345	0.022115933	0.2995826	0.5888442	-0.6252953	1000.0	1000.0	0.0	0.0	0.0	0.0	792.5	1128.2325	3090.0	0.0	750000.0	14393291.0	14459010.0	34164576.0	-0.99976313	-14558095.0	3249136400.0	7916.93026471138
76	-0.2626421	0.41533276	0.11140623	-1.2491915	0.053924292	0.22796726	0.72493094	-0.35163334	1000.0	1000.0	644.0	905.9382	2220.0	0.0	261.0	783.0	2610.0	0.0	760000.0	14425117.0	14488768.0	33315258.0	-0.83273005	-14558850.0	2747620000.0	8019.797952890396
77	-0.0006306559	0.401987	0.59568536	-0.6908467	0.0086138025	0.5507592	0.8548525	-1.8416803	1000.0	1000.0	1357.0	1667.0276	3530.0	0.0	359.0	811.0296	2760.0	0.0	770000.0	13764169.0	13830873.0	31783292.0	-0.6794549	-13862286.0	2179970600.0	8123.744382381439
78	0.09706891	0.21698953	0.70536566	-0.025041426	0.028213507	0.42808986	0.8168577	-1.2534443	1000.0	1000.0	0.0	0.0	0.0	0.0	1507.5	2216.0615	6380.0	0.0	780000.0	12529581.0	12603128.0	29541408.0	-0.7768364	-12596478.0	1933111600.0	8227.353959798813
79	-0.1419212	0.4705558	0.56624544	-1.1845262	0.09563689	0.42406902	0.93578887	-0.95340645	1000.0	1000.0	1107.0	1218.9836	2930.0	0.0	295.0	609.2495	1940.0	0.0	790000.0	10660423.0	10754032.0	26126816.0	-0.87440956	-10676060.0	1822403300.0	8339.196603298187
80	0.12428318	0.3191032	0.81937486	-0.2412612	0.026258195	0.40313816	0.8027949	-1.0473261	1000.0	1000.0	0.0	0.0	0.0	0.0	433.0	946.4782	3640.0	0.0	800000.0	8273274.5	8369219.5	22186666.0	-0.69188523	-8260803.0	1484675500.0	8448.216297149658
81	0.21246178	0.9204488	1.654685	-1.8716826	0.027749673	0.8074822	1.8816128	-1.5393753	1000.0	1000.0	435.0	898.8353	2680.0	0.0	844.0	1540.115	5680.0	0.0	810000.0	5765432.0	5881010.0	18092130.0	-0.94569796	-5723986.5	1257551500.0	8558.341961860657
82	0.39817297	0.7044102	1.8796487	-0.54203534	0.0005930386	0.71427625	1.369566	-2.0715473	1000.0	1000.0	914.0	1301.1165	3790.0	0.0	141.5	455.81	1940.0	0.0	820000.0	3624188.2	3728513.8	14211633.0	-0.95847565	-3586500.2	936611800.0	8668.70506811142
83	0.027974408	0.5614482	0.540329	-1.5219946	0.18552022	0.51069295	1.5983783	-0.35005295	1000.0	1000.0	0.0	0.0	0.0	0.0	353.5	652.53564	2310.0	0.0	830000.0	1989220.8	2133347.8	11336830.0	-1.0956589	-1946426.4	703141600.0	8779.063543081284
84	0.11521818	0.41771245	0.92217374	-0.39183998	-0.0008903563	0.3869696	1.0536324	-0.772851	1000.0	1000.0	695.0	1445.2491	4360.0	0.0	988.5	1495.3838	4300.0	0.0	840000.0	564492.75	856620.1	7933188.0	-1331385.4	-518289.1	721064300.0	8888.955768108368
85	0.06777961	0.3367005	0.8693592	-0.5349835	0.19264705	0.3187169	1.1144077	-0.04919812	1000.0	1000.0	572.0	1306.5741	4300.0	0.0	339.0	1022.02203	3710.0	0.0	850000.0	-523492.12	754388.8	5259650.5	-2865282.2	566193.7	817878700.0	8998.36636185646
86	0.2643204	0.45974347	1.466964	-0.25693023	0.09372864	0.38960803	0.98784155	-0.5032054	1000.0	1000.0	1533.0	2120.0662	6240.0	0.0	600.0	1113.2789	3830.0	0.0	860000.0	-1442861.5	1556704.9	3237648.0	-4883706.5	1500448.6	1469625900.0	9107.75613617897
87	-0.07137498	0.44473422	0.76960063	-0.75769854	-0.07343134	0.3558407	0.32426527	-1.5422046	1000.0	1000.0	1219.0	1406.8792	4080.0	0.0	93.0	255.85347	870.0	0.0	870000.0	-2592697.8	2687485.2	1574191.9	-7441186.5	2670862.2	2975556900.0	9217.62289094925
88	0.15397395	0.4496188	0.97870344	-0.6930693	0.012257013	0.7477426	1.7742795	-1.4985225	1000.0	1000.0	201.0	533.71246	1790.0	0.0	1514.0	2045.804	7040.0	0.0	880000.0	-3745714.5	3821494.5	187206.1	-9551646.0	3825342.8	2872745000.0	9320.677150249481
89	0.233905	0.4829231	1.3026153	-0.33308738	0.1420767	0.44684693	1.0335368	-0.64134544	1000.0	1000.0	37.0	74.83983	210.0	0.0	1102.0	1977.065	5850.0	0.0	890000.0	-4767226.0	4850230.0	0.9217472	-12063703.0	4865774.5	2297069300.0	9423.901041269302
90	-0.08626787	0.23922017	0.121004544	-0.7510492	0.04092153	0.36571267	0.85700524	-0.48038813	1000.0	1000.0	524.0	1048.0858	2650.0	0.0	169.0	419.2839	1810.0	0.0	900000.0	-5927201.0	5996760.0	34.896637	-13865594.0	6025064.5	2334680800.0	9526.940076589584
91	0.092915356	0.20248035	0.45707	-0.19130225	-0.0015539012	0.12792479	0.45996833	-0.29860082	1000.0	1000.0	155.0	316.70966	920.0	0.0	320.5	740.908	2440.0	0.0	910000.0	-6814133.0	6880148.0	42.882538	-15694941.0	6921575.0	2036754700.0	9630.434528589249
92	-0.13370097	0.43830842	0.8441438	-0.94257355	-0.13530163	0.3176205	0.33757317	-1.084147	1000.0	1000.0	1214.0	1683.046	4930.0	0.0	324.0	666.1336	2190.0	0.0	920000.0	-7642164.0	7701048.5	236.0167	-17251566.0	7749945.0	1863548300.0	9733.454062223434
93	-0.09513013	0.39228246	0.5272405	-0.8090656	-0.004948111	0.83212304	1.2792975	-3.1627371	1000.0	1000.0	1362.0	2794.0286	8200.0	0.0	553.5	1382.2744	4720.0	0.0	930000.0	-8270852.5	8323431.0	200.82486	-18262476.0	8374299.0	1891962900.0	9836.470102787018
94	0.115639165	0.6996615	0.94852567	-1.6729467	0.023935921	1.1022348	1.9103497	-4.0918903	1000.0	1000.0	354.0	708.6918	1840.0	0.0	616.0	953.90985	3030.0	0.0	940000.0	-8581945.0	8627005.0	22.092442	-18901494.0	8678185.0	1753943300.0	9940.486967802048
95	0.025796607	0.25192976	0.39336896	-0.6443695	0.030562034	0.37756667	1.3475342	-0.6521746	1000.0	1000.0	228.0	456.0	1140.0	0.0	970.0	1492.1125	5650.0	0.0	950000.0	-8803447.0	8844186.0	55.384983	-20223810.0	8908150.0	1689664000.0	10044.40314912796
96	-0.2606059	0.558277	0.4244501	-1.5925211	-0.17502317	1.4513938	4.5131054	-2.8165247	1000.0	1000.0	664.0	1014.46735	2730.0	0.0	786.5	1625.2115	6420.0	0.0	960000.0	-9233982.0	9270455.0	1.0754606	-21527010.0	9336542.0	1853674800.0	10148.441283226013
97	-0.009089192	2.1116178	2.7753599	-5.5548677	0.0672968	0.91054016	2.4949293	-1.425106	1000.0	1000.0	1659.0	1751.4705	5040.0	0.0	641.0	1310.0453	5060.0	0.0	970000.0	-9357740.0	9388327.0	142.46506	-22151436.0	9459797.0	1591974700.0	10252.979849100113
98	0.11063256	1.6034559	4.2984266	-1.8751625	0.15616414	0.27280092	0.87075114	-0.22082405	1000.0	1000.0	678.0	1448.6738	4530.0	0.0	249.0	749.946	2700.0	0.0	980000.0	-9589199.0	9615415.0	7.992119	-23851718.0	9690772.0	1742860000.0	10356.115363836288
99	0.2637413	1.2247043	3.6569254	-1.3755436	0.12484844	0.700816	1.3848718	-2.0839255	1000.0	1000.0	897.0	1481.459	4590.0	0.0	438.0	803.023	2650.0	0.0	990000.0	-9436157.0	9458860.0	57.537235	-24525208.0	9525513.0	1616410900.0	10459.31963467598
100	0.5211627	1.340302	2.7862902	-2.222276	-0.068983994	0.8921725	2.8009415	-1.8213761	1000.0	1000.0	686.0	1135.9155	3840.0	0.0	804.5	1130.0641	3570.0	0.0	1000000.0	-9283520.0	9303755.0	152.86426	-25161188.0	9368800.0	1549707600.0	10562.986384153366
