Epoch	AverageEpRet	StdEpRet	MaxEpRet	MinEpRet	AverageEpCost	StdEpCost	MaxEpCost	MinEpCost	EpLen	CumulativeCost	CostRate	AverageVVals	StdVVals	MaxVVals	MinVVals	AverageCostVVals	StdCostVVals	MaxCostVVals	MinCostVVals	LossPi	DeltaLossPi	SurrCost	DeltaSurrCost	LossV	DeltaLossV	LossVC	DeltaLossVC	Penalty	DeltaPenalty	Alpha	BacktrackIters	Entropy	KL	TotalEnvInteracts	Time
0	-310.31097	105.622444	-122.464714	-528.2241	1820.0	2409.5974	7690.0	0.0	1000.0	36400.0	1.82	0.72093445	0.45145553	1.9324421	-1.2030716	-0.4607712	0.2084244	0.5468674	-1.2489961	-7.324219e-08	-0.00977597	5.859375e-07	-0.29759678	966.2452	-816.9784	106990.11	-11759.25	0	0	1.9962146	0.0	1.837877	0.008873273	20000.0	194.83202719688416
1	-346.82227	72.22525	-220.18333	-559.68695	814.5	1323.4103	4230.0	0.0	1000.0	52690.0	1.31725	-28.03409	1.5373962	11.503951	-28.472542	39.65676	1.2648673	39.825287	-14.763909	2.4414062e-08	-0.010614697	-2.734375e-06	-0.056081444	92.51555	-37.855198	27879.424	-612.2246	0	0	1.820194	0.0	1.8431952	0.008944584	40000.0	387.627774477005
2	-337.1641	123.48217	-114.434326	-668.9608	1289.5	2201.162	7540.0	0.0	1000.0	78480.0	1.308	-34.070126	1.1226479	22.070633	-34.319958	48.246506	1.4707726	48.41734	-36.996883	-6.1035155e-09	-0.011089154	-3.90625e-06	-0.19750547	142.305	-1.1072998	74148.414	-1824.375	0	0	1.8016391	0.0	1.8617561	0.008722335	60000.0	580.1528444290161
3	-327.4795	104.22601	-119.720604	-488.30756	1757.0	2226.1382	7140.0	0.0	1000.0	113620.0	1.42025	-33.688282	0.882409	7.238109	-33.876694	62.536926	2.4194496	62.726837	-44.354427	2.2888184e-08	-0.011212741	0.0	-0.25492656	102.85734	-1.242279	91146.21	-4112.9453	0	0	1.7888085	0.0	1.8698324	0.009230337	80000.0	772.3601279258728
4	-342.12906	95.056015	-209.62535	-580.01654	920.5	1288.0508	3530.0	0.0	1000.0	132030.0	1.3203	-32.834175	0.6920732	-6.811136	-32.998672	84.48226	1.1549861	84.559814	18.198677	-3.051758e-08	-0.008462079	1.171875e-06	-0.20353712	86.219635	-1.8963699	27416.63	-19.513672	0	0	2.297661	0.0	1.8709662	0.00858791	100000.0	964.5223076343536
5	-359.1042	105.0317	-184.36359	-520.7453	742.5	1287.8271	4090.0	0.0	1000.0	146880.0	1.224	-33.933956	0.7033228	13.324936	-34.07618	87.24791	1.8167303	87.3495	-48.027122	1.6021728e-08	-0.009452129	-1.5625e-06	-0.04124258	107.766	-3.7184525	36244.574	-63.375	0	0	2.142034	0.0	1.8594453	0.009739104	120000.0	1156.7387549877167
6	-327.14346	112.86944	-118.77182	-464.13702	890.5	1563.958	5870.0	0.0	1000.0	164690.0	1.1763571428571429	-35.663063	0.9150641	8.104185	-35.859684	85.32597	4.8028245	85.736946	-81.99243	3.0517577e-09	-0.00955917	1.5625e-06	-0.059383202	122.7717	-19.449112	32612.982	-10.953125	0	0	2.075281	0.0	1.8206718	0.008754071	140000.0	1348.1897990703583
7	-303.48575	94.41676	-133.69157	-508.14133	891.0	1678.8356	5760.0	0.0	1000.0	182510.0	1.1406875	-31.95246	3.6942239	31.989143	-34.239483	85.78235	2.8256404	86.01148	-65.56452	3.0517577e-09	-0.011512635	-7.8125e-07	-0.028546486	91.815	-19.89003	38736.223	-39.79297	0	0	1.6669241	0.0	1.8285142	0.0090722805	160000.0	1538.8739793300629
8	-328.8402	118.32256	-116.753876	-534.4129	284.0	1179.6372	5420.0	0.0	1000.0	188190.0	1.0455	-30.637653	2.8078415	7.267673	-34.81478	86.749916	4.0447516	87.08737	-72.4947	6.103516e-08	-0.010947852	0.0	0.008533789	125.82135	-21.3637	16959.107	-3283.626	0	0	1.7847335	0.0	1.8158762	0.009148278	180000.0	1730.0375971794128
9	-322.3248	98.335556	-138.45354	-551.39886	750.0	1194.8431	3580.0	0.0	1000.0	203190.0	1.01595	-31.897268	5.0224075	2.0928316	-36.058277	28.6168	18.77614	59.24489	-27.977947	3.6621095e-08	-0.009596179	-7.8125e-07	-0.046677344	87.524734	-7.969116	25878.691	-2257.0742	0	0	2.0664902	0.0	1.8665471	0.00871097	200000.0	1920.3710913658142
10	-301.6933	104.16814	-123.27864	-476.50284	446.5	1323.5417	4540.0	0.0	1000.0	212120.0	0.9641818181818181	-31.940178	4.4713044	-4.2922263	-35.92854	64.04869	2.982573	65.275665	-39.649662	-3.3569336e-08	-0.010937982	-7.8125e-07	-0.009782813	86.44439	-5.2951736	24470.54	-196.40234	0	0	1.9384522	0.0	1.8670297	0.009180157	220000.0	2112.106777906418
11	-277.70514	95.47957	-142.90492	-441.5548	272.5	840.4812	3500.0	0.0	1000.0	217570.0	0.9065416666666667	-29.804918	4.9506335	18.042913	-35.554386	56.861256	3.3122256	60.08375	-56.203087	-3.6621095e-08	-0.010005377	3.90625e-07	-0.04034707	75.296326	-9.097122	11041.339	-826.59766	0	0	1.9973606	0.0	1.8827653	0.008704677	240000.0	2302.937368631363
12	-308.89145	100.70452	-156.70912	-504.31165	382.0	727.01855	2670.0	0.0	1000.0	225210.0	0.8661923076923077	-29.044834	4.018186	-0.94826967	-34.904663	30.02219	7.531053	42.91987	-38.19528	-4.8828124e-08	-0.009870179	-3.90625e-07	0.038125392	83.22192	-11.674515	11510.163	-219.77637	0	0	2.0610712	0.0	1.8705628	0.008902855	260000.0	2493.8842537403107
13	-280.79382	71.56888	-170.87836	-412.7314	931.5	1554.192	5270.0	0.0	1000.0	243840.0	0.8708571428571429	-30.263653	4.4805923	-3.344957	-36.11465	30.84025	5.4584055	48.05778	-25.88846	-6.1035155e-09	-0.010122876	7.8125e-07	-0.16824453	51.766937	-10.191437	41556.19	-3201.6953	0	0	1.9529191	0.0	1.8807286	0.009142489	280000.0	2685.026127099991
14	-252.07681	67.81864	-111.13273	-380.29117	346.5	983.7239	4270.0	0.0	1000.0	250770.0	0.8359	-27.908844	4.1844907	-6.8246193	-35.305637	79.11623	1.9467866	81.85897	-67.232056	-1.0681152e-08	-0.01007375	5.859375e-07	0.00050683593	49.565025	-12.569553	15850.646	-1104.3662	0	0	1.9717276	0.0	1.858187	0.008811272	300000.0	2874.841870069504
15	-325.40485	129.19125	-79.719505	-603.2097	400.0	1228.5886	5560.0	0.0	1000.0	258770.0	0.80865625	-25.766813	3.0927064	-10.748055	-33.403553	60.948074	2.8652785	61.682297	-37.9627	-3.3569336e-08	-0.013151917	-1.953125e-07	-0.14094122	191.56151	-64.63993	16154.453	-767.208	0	0	1.5922357	0.0	1.8877074	0.00835749	320000.0	3066.2502098083496
16	-295.43582	94.35698	-136.19843	-458.9332	213.0	448.53204	1500.0	0.0	1000.0	263030.0	0.7736176470588235	-31.753925	6.2409735	17.922983	-37.0944	33.052387	9.916631	57.552593	-35.231384	-9.155274e-09	-0.009567617	6.835937e-07	-0.04874795	80.69954	-16.900696	4000.7893	-353.25122	0	0	1.9868599	0.0	1.8904938	0.008268796	340000.0	3256.4785175323486
17	-339.00043	128.63927	-100.31186	-603.17035	1334.5	2087.8325	6960.0	0.0	1000.0	289720.0	0.8047777777777778	-30.22622	4.203569	3.1549883	-36.04594	23.464537	11.226777	58.428524	-35.255394	1.0681152e-08	-0.012482677	-5.859375e-07	-0.054634962	152.94537	-28.35852	71817.4	-8509.379	0	0	1.9535791	0.0	1.8896036	0.0090420125	360000.0	3447.4378490448
18	-275.05756	85.704895	-121.49623	-449.60504	599.5	1203.7627	4220.0	0.0	1000.0	301710.0	0.7939736842105263	-32.97806	6.2614574	30.075575	-39.137753	88.72315	0.927986	91.00211	-19.948322	1.2207031e-08	-0.00964176	1.953125e-07	0.061772462	94.64349	-35.662243	21217.314	-442.8711	0	0	2.055646	0.0	1.8574595	0.009293327	380000.0	3638.009449005127
19	-350.78992	119.880196	-157.51729	-633.8786	502.5	989.91345	4010.0	0.0	1000.0	311760.0	0.7794	-28.945847	3.0992095	-3.0374846	-34.760155	76.89122	1.1108584	78.60956	37.329727	1.8310548e-08	-0.010575885	7.8125e-07	0.04904609	141.41748	-39.060272	14660.795	-602.709	0	0	1.9161438	0.0	1.8127043	0.009039482	400000.0	3828.2385127544403
20	-344.8929	137.3863	-144.81927	-668.39716	946.0	1539.7285	4990.0	0.0	1000.0	330680.0	0.7873333333333333	-33.834778	5.5023828	3.4114666	-39.494827	56.191143	4.702972	65.38846	-27.65643	1.8310548e-08	-0.009967213	-3.125e-06	-0.05973008	138.31625	-9.8329315	41990.04	-1009.5664	0	0	2.0455778	0.0	1.8294232	0.00917961	420000.0	4019.8536925315857
21	-346.80743	104.55022	-114.78871	-538.32513	344.5	921.13226	3100.0	0.0	1000.0	337570.0	0.7672045454545454	-34.934776	6.3065104	25.382948	-41.966675	75.84247	3.1172478	79.264496	-40.722115	-3.051758e-08	-0.013671734	7.8125e-07	-0.070621096	106.98956	-24.870255	14727.107	-1440.4521	0	0	1.499739	0.0	1.8076432	0.009372054	440000.0	4210.304039478302
22	-297.393	81.31677	-137.7663	-490.30252	558.5	898.0271	3250.0	0.0	1000.0	348740.0	0.7581304347826087	-33.549454	6.5302086	38.452625	-41.065186	39.625	10.333367	70.39829	-64.45526	1.2207031e-08	-0.01017052	5.859375e-07	-0.07420957	87.52835	-24.846226	17420.146	-453.2422	0	0	1.960233	0.0	1.8205644	0.009473385	460000.0	4401.314256191254
23	-309.29282	107.49995	-128.85721	-494.7106	857.0	976.7604	2650.0	0.0	1000.0	365880.0	0.76225	-29.56836	5.599824	40.723072	-40.298378	54.507412	5.4352617	72.08002	-3.5821993	3.967285e-08	-0.011345872	-9.765625e-07	-0.059830274	97.63762	-10.849892	20044.727	-1013.25195	0	0	1.8052027	0.0	1.821234	0.00868156	480000.0	4591.862229585648
24	-293.33218	95.938225	-135.30052	-447.92517	431.0	922.87	3900.0	0.0	1000.0	374500.0	0.749	-29.140806	8.968093	41.7241	-38.001144	68.23027	14.163206	80.457985	-76.96589	1.8310548e-08	-0.011754153	5.859375e-07	0.06053496	97.176476	-23.556923	14867.915	-1139.6846	0	0	1.794789	0.0	1.8437049	0.0088079665	500000.0	4782.7435076236725
25	-307.08197	102.96354	-155.75073	-514.24457	1015.0	1898.6113	7160.0	0.0	1000.0	394800.0	0.7592307692307693	-29.960316	3.8510897	16.13606	-38.43568	42.54961	9.620832	79.30891	-34.996887	-1.8310548e-08	-0.0128516415	7.8125e-07	-0.047485158	99.102585	-16.745026	55020.773	-3268.0156	0	0	1.6118828	0.0	1.8523737	0.008915402	520000.0	4974.448122262955
26	-303.82477	125.451675	-80.483925	-514.60846	1028.0	1441.6262	5280.0	0.0	1000.0	415360.0	0.7691851851851852	-30.229403	7.146672	42.37316	-40.568916	82.9678	12.313718	95.15541	-26.900585	-3.0517577e-09	-0.011031473	-1.953125e-07	-0.06842071	123.96738	-21.105438	38804.473	-955.1211	0	0	1.7664146	0.0	1.8322251	0.008920524	540000.0	5165.0308265686035
27	-318.64148	133.09328	-132.21387	-586.54736	8.0	30.594116	140.0	0.0	1000.0	415520.0	0.742	-29.405737	6.8004956	46.11272	-41.551495	90.42108	17.71622	103.7402	-36.13156	-6.1035155e-09	-0.011023474	1.3061524e-06	-0.042577524	165.83226	-25.958832	7293.5825	-6954.949	0	0	1.8893659	0.0	1.8612969	0.009174098	560000.0	5356.012474775314
28	-294.00305	134.44453	-124.94435	-602.479	529.5	1325.3546	5490.0	0.0	1000.0	426110.0	0.7346724137931034	-30.733454	9.505253	46.04633	-39.828423	9.859671	4.9808817	90.867874	-19.110506	-3.8146974e-09	-0.011378727	-7.8125e-07	-0.002566797	165.41098	-23.714111	22304.598	-1451.5918	0	0	1.8044227	0.0	1.8636314	0.009693017	580000.0	5546.607547998428
29	-307.48148	113.38231	-59.70664	-483.86395	769.5	1683.0879	6480.0	0.0	1000.0	441500.0	0.7358333333333333	-29.840065	6.966838	42.752815	-36.437458	39.802704	9.34693	99.903755	-16.085852	3.051758e-08	-0.011502307	1.171875e-06	0.11971836	100.86946	-13.84861	37906.49	-1562.332	0	0	1.7636894	0.0	1.856936	0.009342971	600000.0	5737.620588064194
30	-314.00156	129.30193	-66.983505	-551.3503	519.5	1304.6282	5030.0	0.0	1000.0	451890.0	0.7288548387096774	-30.949453	6.0101695	41.55824	-38.373207	61.53502	17.969418	112.70244	-0.49524674	6.1035155e-09	-0.014472231	0.0	0.2805711	172.86044	-44.22995	25778.31	-658.2656	0	0	1.5027622	0.0	1.8609169	0.008778508	620000.0	5929.181369781494
31	-325.06104	121.36926	-102.44165	-503.05188	833.5	1354.6117	5440.0	0.0	1000.0	468560.0	0.732125	-31.366076	7.5832705	46.739185	-40.727455	46.18942	18.292889	116.45701	-50.035393	-9.155274e-09	-0.010470426	1.5625e-06	-0.06908672	145.51317	-37.888252	36431.8	-3421.8086	0	0	1.8423891	0.0	1.831054	0.009020249	640000.0	6119.621948480606
32	-295.92612	118.82336	-62.76087	-491.4978	768.0	1537.295	5920.0	0.0	1000.0	483920.0	0.7332121212121212	-30.372288	10.766073	48.851837	-41.6877	73.04876	34.77547	123.74117	-95.5652	-5.340576e-09	-0.013177794	0.0	-0.0015355468	149.46687	-52.891876	28164.49	-1602.2637	0	0	1.5181836	0.0	1.8129768	0.008667893	660000.0	6310.966966629028
33	-300.58322	112.10424	-106.99311	-463.15002	1111.5	1699.6802	5250.0	0.0	1000.0	506150.0	0.7443382352941177	-30.00795	6.794201	48.85597	-36.673786	63.80421	24.47872	131.05003	-34.634796	1.373291e-08	-0.014004989	1.7578125e-06	0.16228965	96.13365	-18.66188	41413.87	-3479.4219	0	0	1.6064945	0.0	1.8444076	0.008615458	680000.0	6500.611396551132
34	-271.5115	107.49819	-87.55332	-478.75027	845.0	1514.0227	5060.0	0.0	1000.0	523050.0	0.7472142857142857	-28.28914	10.81728	50.704388	-42.158787	95.01592	20.407759	145.90431	44.37245	-1.2207031e-08	-0.012424225	2.6367188e-06	-0.09626494	117.04149	-24.78347	29712.967	-1077.1816	0	0	1.6737365	0.0	1.863147	0.009129302	700000.0	6691.611865282059
35	-321.44476	105.342545	-35.438316	-471.47412	1012.0	1777.2327	5970.0	0.0	1000.0	543290.0	0.7545694444444444	-28.488277	4.7952304	47.042435	-37.358814	82.91175	22.569921	151.7622	47.36738	0.0	-0.01275242	3.90625e-07	-0.21344297	96.09325	-22.346695	41473.37	-1517.1328	0	0	1.6894506	0.0	1.8422313	0.0094746975	720000.0	6883.279398202896
36	-256.4979	102.153595	-64.97984	-460.2803	985.5	1707.5728	6930.0	0.0	1000.0	563000.0	0.7608108108108108	-28.87266	11.758715	54.281578	-39.352005	102.55626	35.041794	159.11081	3.5240772	6.1035155e-09	-0.010792746	-1.3671875e-06	-0.070148826	156.60985	-35.372894	36629.4	-1800.9453	0	0	1.7552263	0.0	1.8606265	0.009085185	740000.0	7073.60368680954
37	-325.58136	99.06211	-94.841156	-464.7495	682.5	1130.9945	4110.0	0.0	1000.0	576650.0	0.75875	-28.045662	6.0852213	53.60586	-42.341534	90.59505	37.452263	167.77275	30.720499	3.0517577e-09	-0.012165817	-2.9296876e-07	0.06712129	115.96542	-28.837029	24919.443	-1529.5273	0	0	1.789729	0.0	1.8417696	0.008851378	760000.0	7264.19793510437
38	-290.075	108.46743	-123.434044	-503.77625	667.5	1108.805	3930.0	0.0	1000.0	590000.0	0.7564102564102564	-31.085026	7.450765	56.811142	-44.401024	76.187225	27.337769	167.3456	-52.227703	-1.2207031e-08	-0.011021812	0.0	-0.08508506	116.68174	-17.839363	24663.828	-1303.207	0	0	1.8566065	0.0	1.8677735	0.009156638	780000.0	7455.143890619278
39	-331.55917	114.45903	-87.46621	-477.6659	512.5	979.67786	3130.0	0.0	1000.0	600250.0	0.7503125	-30.415026	7.547544	56.17355	-39.675213	63.76817	28.927088	168.56108	-56.84003	-1.2207031e-08	-0.010470195	4.882813e-07	0.023381349	104.71949	-17.01564	15039.717	-918.3584	0	0	1.9328936	0.0	1.8767003	0.00921691	800000.0	7645.762529850006
40	-341.36505	105.64684	-103.43905	-607.2243	1039.5	1373.6755	3970.0	0.0	1000.0	621040.0	0.7573658536585366	-33.55515	7.590532	58.633537	-41.11768	51.64137	31.157093	170.24464	-31.174858	3.6621095e-08	-0.010434436	7.8125e-07	-0.0919125	94.63611	-13.491631	38358.656	-5203.6016	0	0	1.969377	0.0	1.8538246	0.009596184	820000.0	7837.233287334442
41	-272.74237	133.15471	-47.645466	-477.35214	512.5	982.3333	3030.0	0.0	1000.0	631290.0	0.7515357142857143	-31.249975	13.13374	59.983418	-41.244774	93.78801	34.91645	180.0548	-44.404587	-9.155274e-09	-0.010927408	1.8066406e-06	-0.04537158	183.51	-41.34305	18760.867	-2105.709	0	0	1.8028957	0.0	1.8427651	0.008886202	840000.0	8028.33092713356
42	-282.87177	104.101524	-96.05705	-508.9647	720.0	1250.3479	3720.0	0.0	1000.0	645690.0	0.7508023255813954	-30.07888	6.4449778	59.748978	-39.537834	61.0884	31.271702	180.70508	-22.709217	-9.155274e-09	-0.010452166	-7.8125e-07	-0.24839532	104.195465	-19.690468	27909.19	-1333.4512	0	0	1.8798494	0.0	1.8411281	0.009105888	860000.0	8219.048374414444
43	-333.48697	87.433754	-132.80557	-512.8756	1090.0	1412.9402	4190.0	0.0	1000.0	667490.0	0.7585113636363636	-28.620129	9.453508	59.949207	-39.469204	73.7526	37.324364	185.20491	-89.45586	1.9836426e-08	-0.010436757	1.171875e-06	0.07145742	136.75317	-44.88759	37778.805	-3163.4688	0	0	1.9517423	0.0	1.8248695	0.009470025	880000.0	8410.524572610855
44	-334.528	168.03333	60.78452	-678.92737	764.0	1519.0273	4670.0	0.0	1000.0	682770.0	0.7586333333333334	-32.858746	9.354639	60.22945	-46.892475	102.1118	47.144207	198.44896	-108.579475	1.2207031e-08	-0.011491792	0.0	-0.11588438	228.20247	-47.893875	31313.633	-3331.2832	0	0	1.7176477	0.0	1.8058994	0.009321315	900000.0	8601.838324069977
45	-296.32825	133.10619	-36.20943	-559.5844	468.5	859.4258	2890.0	0.0	1000.0	692140.0	0.7523260869565217	-33.17451	12.054419	65.09692	-49.999832	69.52975	42.466393	203.81497	-87.146416	-3.0517577e-09	-0.01267909	4.882813e-07	-0.08766187	239.66397	-70.488815	17837.865	-1752.0488	0	0	1.6377363	0.0	1.8079025	0.009631614	920000.0	8793.446108579636
46	-313.96832	130.24245	16.079803	-499.78265	779.0	1197.8268	4390.0	0.0	1000.0	707720.0	0.7528936170212766	-30.51766	11.587058	66.970184	-47.79384	47.903084	24.783382	203.75443	-80.147415	-6.1035155e-09	-0.0102051385	0.0	0.08844512	141.46797	-28.62442	33607.348	-2278.414	0	0	1.9349287	0.0	1.8075008	0.008900625	940000.0	8984.884204387665
47	-239.39148	146.58296	60.684887	-547.3103	799.5	1153.0891	3790.0	0.0	1000.0	723710.0	0.7538645833333333	-28.459473	16.096481	68.02104	-52.177174	75.91081	35.41681	209.55531	-95.928986	1.9836426e-08	-0.01177731	3.90625e-07	-0.17260586	215.9248	-54.85144	24886.902	-1241.5488	0	0	1.714514	0.0	1.7880807	0.008954545	960000.0	9176.478454589844
48	-299.08838	101.32625	-68.61355	-464.52533	529.0	1168.8193	4320.0	0.0	1000.0	734290.0	0.7492755102040817	-27.96035	10.183578	66.76527	-49.613056	68.60023	33.25287	213.68474	-136.6064	9.155274e-09	-0.011234967	2.1484375e-06	-0.10033652	123.55615	-29.543457	23532.805	-1563.0742	0	0	1.8403765	0.0	1.7971249	0.009894774	980000.0	9367.444559335709
49	-292.8627	101.134964	-69.21501	-439.53522	1325.0	1993.8643	7150.0	0.0	1000.0	760790.0	0.76079	-28.87171	9.861726	66.860435	-41.598923	51.716354	30.877598	214.75038	-43.083202	-6.1035155e-09	-0.012810159	3.125e-06	0.04540078	139.73055	-37.280922	62126.348	-9082.527	0	0	1.650837	0.0	1.8126926	0.009636697	1000000.0	9559.16973400116
50	-306.86752	186.64957	138.42418	-631.18115	562.5	1133.3087	3620.0	0.0	1000.0	772040.0	0.7569019607843137	-28.731821	14.243682	64.97857	-41.902428	119.33425	40.261448	227.36224	-57.508224	-6.1035155e-09	-0.013031731	-1.3671875e-06	0.0032188476	292.994	-75.774994	23914.004	-4122.4453	0	0	1.5156131	0.0	1.8071758	0.008923959	1020000.0	9751.067826271057
51	-296.09433	128.67567	-35.989777	-522.1231	692.0	1020.929	3430.0	0.0	1000.0	785880.0	0.7556538461538461	-32.529305	12.795253	65.46078	-47.63459	67.13404	37.170452	228.0133	-43.888317	9.155274e-09	-0.011657526	-4.882813e-07	0.02274619	191.24664	-50.675003	22041.094	-708.47656	0	0	1.7435989	0.0	1.7693579	0.009384605	1040000.0	9942.89835858345
52	-294.70422	149.99945	-19.278952	-645.16815	409.5	721.10657	2740.0	0.0	1000.0	794070.0	0.749122641509434	-29.491713	14.727511	69.87676	-44.72027	63.25376	27.199043	227.1156	-6.5200186	1.9836426e-08	-0.013211116	3.90625e-07	-0.0051902346	286.3943	-96.582275	12083.333	-1392.2041	0	0	1.5690196	0.0	1.8026252	0.009141346	1060000.0	10133.725581169128
53	-279.73294	156.00749	30.240788	-472.17407	842.5	1395.9402	4640.0	0.0	1000.0	810920.0	0.7508518518518519	-29.802004	19.88263	77.60157	-46.77075	37.23084	26.4882	224.83012	-38.139816	1.525879e-08	-0.012128313	1.5625e-06	0.17619413	238.50465	-61.948624	30659.914	-3488.875	0	0	1.7102811	0.0	1.7962033	0.009683128	1080000.0	10325.173816919327
54	-315.96365	175.59615	13.003029	-652.4439	788.5	1154.3842	3210.0	0.0	1000.0	826690.0	0.7515363636363637	-30.597324	15.656186	71.69344	-47.890816	78.28255	29.457468	234.51602	-80.47101	-3.967285e-08	-0.0128113525	1.171875e-06	-0.019295704	324.82874	-109.007706	27630.605	-5676.0703	0	0	1.5616668	0.0	1.7772439	0.009798335	1100000.0	10515.872549295425
55	-239.35046	187.38194	160.87704	-651.9145	395.0	876.3361	3530.0	0.0	1000.0	834590.0	0.7451696428571428	-29.536503	24.42204	85.6719	-51.449966	57.607594	35.090706	244.08612	-53.43583	1.6784668e-08	-0.011676146	1.5625e-06	0.021939062	407.02426	-125.55521	13239.243	-1780.0684	0	0	1.6999935	0.0	1.7772009	0.009600169	1120000.0	10708.195527791977
56	-274.622	185.39113	-8.104609	-766.0019	792.0	1253.3579	3570.0	0.0	1000.0	850430.0	0.7459912280701755	-25.13805	21.882236	78.87243	-48.56548	39.602768	33.224976	246.99504	-40.60878	6.1035155e-09	-0.012285681	-3.90625e-07	-0.111738674	452.9139	-217.06046	26625.82	-4700.748	0	0	1.608717	0.0	1.7891942	0.009254141	1140000.0	10898.969041347504
57	-320.81845	118.49057	-76.760315	-526.2153	1200.5	1494.7123	4240.0	0.0	1000.0	874440.0	0.7538275862068966	-31.330591	16.428549	82.96519	-61.288574	73.64077	62.956375	256.7853	-27.444006	6.1035155e-09	-0.0127234375	1.171875e-06	0.013714844	194.09586	-66.22609	34993.758	-4470.6113	0	0	1.691604	0.0	1.7996795	0.009507865	1160000.0	11090.823141098022
58	-272.88034	140.2196	118.18229	-503.0744	524.5	1027.2802	3610.0	0.0	1000.0	884930.0	0.7499406779661016	-32.965427	12.230147	61.055733	-54.441505	90.01688	45.564674	282.52628	-30.113081	-9.155274e-09	-0.0163315	-5.859375e-07	0.0013846679	253.47003	-127.06729	22225.068	-4106.3027	0	0	1.3554233	0.0	1.8117411	0.009243113	1180000.0	11281.856147050858
59	-267.87448	166.29907	6.188977	-612.569	720.5	1272.2322	5220.0	0.0	1000.0	899340.0	0.74945	-24.613295	27.1302	99.900345	-57.079895	63.326263	54.29277	288.82303	-60.984318	6.1035155e-09	-0.013492626	3.90625e-07	0.16991055	347.06586	-160.81844	33446.38	-3909.457	0	0	1.4742476	0.0	1.7992	0.009305424	1200000.0	11473.430300474167
60	-239.58505	197.82744	151.58786	-607.03735	1257.5	1457.0857	4220.0	0.0	1000.0	924490.0	0.7577786885245902	-25.816015	22.372149	73.76425	-56.243626	64.9394	44.398296	293.1421	-41.788784	1.8310548e-08	-0.010837765	-2.734375e-06	0.08630352	356.2063	-108.502655	45991.555	-7128.3633	0	0	1.8066131	0.0	1.7774129	0.009316492	1220000.0	11666.215778589249
61	-315.07578	218.97528	72.177216	-744.39935	677.5	1096.6306	4190.0	0.0	1000.0	938040.0	0.756483870967742	-27.147419	19.128887	78.79073	-50.955235	109.24495	47.963276	301.5909	-33.88632	-3.0517577e-09	-0.012767829	-1.1230469e-06	-0.045914356	465.49084	-179.08627	24895.129	-4336.3027	0	0	1.569809	0.0	1.7686629	0.009220155	1240000.0	11857.231984138489
62	-290.51624	225.59648	364.84927	-600.36035	1091.0	1569.6461	5390.0	0.0	1000.0	959860.0	0.7617936507936508	-30.737238	25.759527	85.16297	-59.3898	79.66536	46.94054	304.70663	-27.059528	-1.1444092e-09	-0.013331829	3.90625e-07	0.06664063	423.8242	-143.9484	45333.562	-3769.4219	0	0	1.4807277	0.0	1.7923012	0.009403967	1260000.0	12048.4566822052
63	-299.37292	203.52306	257.51572	-611.3052	1184.0	1541.2021	4800.0	0.0	1000.0	983540.0	0.768390625	-30.811571	22.661467	90.52496	-61.73629	100.27836	50.031963	311.10336	-48.18822	0.0	-0.011977789	-4.6875e-06	-0.12646015	342.32388	-130.33371	39436.85	-8269.963	0	0	1.6229475	0.0	1.7825181	0.008843208	1280000.0	12239.169669151306
64	-250.40034	164.53778	13.341946	-517.3886	416.0	504.05753	1740.0	0.0	1000.0	991860.0	0.7629692307692307	-28.657644	24.227596	82.92391	-62.53828	98.338524	62.7211	329.1729	-36.921608	-3.0517577e-09	-0.012571237	-1.953125e-07	-0.058486134	331.89346	-121.587234	13104.051	-4682.5723	0	0	1.5771881	0.0	1.7706419	0.009400832	1300000.0	12429.61355471611
65	-248.0478	177.80193	131.19081	-561.49194	572.0	1039.1516	3690.0	0.0	1000.0	1003300.0	0.7600757575757576	-26.870165	24.134638	88.05419	-64.60906	54.007793	54.768993	321.95697	-20.494656	1.525879e-08	-0.012623892	7.8125e-07	0.08320117	382.5795	-140.7305	16588.617	-2426.1152	0	0	1.5647091	0.0	1.752341	0.009097891	1320000.0	12621.277776479721
66	-225.3167	226.6435	192.86713	-578.5386	736.0	1028.914	3470.0	0.0	1000.0	1018020.0	0.7597164179104477	-22.60741	23.859903	86.99293	-51.619137	50.558018	52.16614	343.73273	-46.02861	1.2207031e-08	-0.012740076	0.0	-0.10113252	520.1348	-200.21521	23833.744	-3111.3672	0	0	1.6447171	0.0	1.7714872	0.009352024	1340000.0	12813.896043777466
67	-213.74565	209.62447	232.59949	-583.742	608.0	901.9568	3300.0	0.0	1000.0	1030180.0	0.7574852941176471	-22.450571	26.192638	86.29688	-58.34432	70.99898	45.3819	346.18973	-39.429726	-1.5258789e-09	-0.010980548	1.171875e-06	-0.11604868	515.0812	-227.12448	17960.822	-3103.2578	0	0	1.7853997	0.0	1.7770016	0.009020409	1360000.0	13005.938062906265
68	-317.77924	208.74878	206.01007	-684.4794	637.5	1113.0897	4330.0	0.0	1000.0	1042930.0	0.7557463768115942	-24.842281	20.366407	86.16307	-59.721313	52.142	39.76538	354.2989	-43.024883	-3.0517577e-09	-0.011658027	-7.8125e-07	-0.041188672	459.80984	-226.85895	18222.04	-2179.9014	0	0	1.6755444	0.0	1.7624543	0.009410308	1380000.0	13197.152483701706
69	-171.94153	205.58714	217.14127	-675.2825	774.0	975.5839	2990.0	0.0	1000.0	1058410.0	0.7560071428571429	-26.56725	28.35378	92.42883	-62.637024	65.457886	57.159336	359.20496	-26.682882	1.6021728e-08	-0.011653603	1.5625e-06	-0.002741797	513.4948	-237.71024	24462.643	-2867.4844	0	0	1.7381603	0.0	1.7592313	0.009386044	1400000.0	13388.720080852509
70	-203.99501	181.1675	233.22847	-555.1383	812.0	984.85834	2850.0	0.0	1000.0	1074650.0	0.7567957746478873	-18.46517	27.239693	101.26349	-55.75506	70.39821	48.203373	362.58826	-76.17809	-3.0517577e-09	-0.012234738	1.953125e-07	-0.24243565	445.4416	-160.78278	22259.66	-3294.3438	0	0	1.573264	0.0	1.758695	0.00918096	1420000.0	13580.745764493942
71	-266.8908	174.6685	45.423775	-548.5882	628.0	1100.9115	3540.0	0.0	1000.0	1087210.0	0.7550069444444445	-23.586672	21.96457	83.02073	-56.071415	79.51974	40.883217	365.5871	-2.6392536	3.051758e-08	-0.013498682	-2.2460938e-06	-0.014673193	335.5649	-152.76309	20311.26	-5616.3076	0	0	1.5205407	0.0	1.7209337	0.009230375	1440000.0	13772.061980009079
72	-243.73836	162.55084	50.116905	-481.83405	705.0	1176.3693	5240.0	0.0	1000.0	1101310.0	0.7543219178082192	-27.069794	24.172722	89.13862	-58.787823	66.79194	78.24196	375.04425	-31.71479	-1.2207031e-08	-0.012633409	0.0	-0.10171992	336.2072	-114.75299	21028.1	-5730.465	0	0	1.6137636	0.0	1.7018125	0.009265088	1460000.0	13963.870346069336
73	-112.77208	220.10294	425.77512	-474.10614	837.5	1052.4109	4090.0	0.0	1000.0	1118060.0	0.7554459459459459	-18.552778	32.521088	97.42861	-59.444477	56.910076	67.70638	392.77466	-32.253513	1.0681152e-08	-0.0133183235	-1.4648438e-07	-0.037881106	608.26056	-226.35495	25749.54	-4472.758	0	0	1.5093305	0.0	1.6802001	0.009539658	1480000.0	14155.512371778488
74	-204.16576	247.72905	441.92194	-503.20914	838.0	897.09863	2650.0	0.0	1000.0	1134820.0	0.7565466666666667	-15.802267	32.20626	106.240425	-54.11039	62.991188	68.58827	404.12732	-52.167233	-1.2207031e-08	-0.013118155	7.8125e-07	-0.039445706	635.9931	-283.4315	21359.42	-4212.672	0	0	1.645823	0.0	1.6751964	0.009510889	1500000.0	14346.990213871002
75	-190.42427	242.37802	358.58276	-597.73	856.0	1071.3468	3620.0	0.0	1000.0	1151940.0	0.7578552631578948	-22.10766	30.064404	99.706665	-57.56597	76.793686	66.6605	412.67178	-23.548422	4.577637e-09	-0.0110845165	2.9296876e-07	0.016416114	484.26575	-185.18243	30872.871	-3896.4004	0	0	1.8013177	0.0	1.7029364	0.009619604	1520000.0	14539.418143033981
76	-144.44302	215.54262	314.1331	-616.95636	1080.0	1402.6617	4280.0	0.0	1000.0	1173540.0	0.7620389610389611	-19.414513	30.77192	98.5095	-62.347042	89.64501	73.885345	417.27667	-93.62334	-2.2888185e-09	-0.012284552	1.7089843e-07	-0.045116603	647.2536	-248.11182	36142.22	-5293.758	0	0	1.6226276	0.0	1.6834352	0.009247878	1540000.0	14730.216925382614
77	-236.81587	251.90002	421.266	-523.47064	636.0	855.0696	3360.0	0.0	1000.0	1186260.0	0.7604230769230769	-19.788233	25.608183	99.580345	-52.582733	93.09379	49.652283	437.989	-8.885937	-1.525879e-08	-0.012862164	5.859375e-07	0.026536131	494.1579	-212.02539	25143.39	-4331.381	0	0	1.5160513	0.0	1.6884809	0.009810868	1560000.0	14921.928208589554
78	-111.7193	244.00374	326.9746	-435.62592	364.5	519.2058	2280.0	0.0	1000.0	1193550.0	0.7554113924050633	-17.768005	35.61884	112.02959	-53.134575	66.32447	34.547035	440.0222	-12.002213	-1.2969971e-08	-0.013475187	3.90625e-07	0.052751757	642.8692	-272.29666	11032.781	-2274.0518	0	0	1.4704154	0.0	1.6646602	0.009666249	1580000.0	15113.261575937271
79	-235.45395	193.02353	213.74661	-506.67667	1431.5	1729.5037	6930.0	0.0	1000.0	1222180.0	0.7638625	-18.530897	26.358118	114.57405	-53.150234	48.141186	44.90328	438.573	-26.931868	3.0517577e-09	-0.0113994125	-2.734375e-06	-0.0023355468	428.0497	-232.05194	52784.7	-17980.691	0	0	1.7076662	0.0	1.6632864	0.009460849	1600000.0	15305.731370449066
80	-203.094	197.37827	320.6685	-588.788	989.0	1467.0715	5250.0	0.0	1000.0	1241960.0	0.766641975308642	-22.410769	26.18437	91.70812	-56.91254	122.80823	81.78218	459.33963	-23.401087	2.1362304e-08	-0.012219869	7.8125e-07	-0.046985548	446.75726	-186.88058	39695.746	-6204.41	0	0	1.648231	0.0	1.6676213	0.009377996	1620000.0	15498.251415967941
81	-232.34915	194.09406	110.70931	-692.34875	552.5	621.23157	1860.0	0.0	1000.0	1253010.0	0.764030487804878	-21.323515	24.294636	91.45869	-52.628075	81.703636	51.952785	474.54077	-49.36974	3.8146972e-10	-0.013335138	3.90625e-07	0.028339842	455.75	-183.88116	17169.615	-2961.4043	0	0	1.4768102	0.0	1.6734781	0.009197229	1640000.0	15689.101789951324
82	-201.31662	198.21898	240.8859	-499.83365	927.0	1307.9224	5470.0	0.0	1000.0	1271550.0	0.7659939759036145	-22.479021	28.667292	94.467026	-58.659004	57.833263	45.747486	474.80923	-17.836727	7.629395e-09	-0.011856823	1.171875e-06	0.039854687	540.9979	-239.98593	43478.7	-3870.8281	0	0	1.6771631	0.0	1.6858995	0.009464377	1660000.0	15881.080454826355
83	-204.29716	185.96216	201.9503	-523.6802	834.0	944.95184	3190.0	0.0	1000.0	1288230.0	0.7668035714285715	-19.319164	28.91113	91.94745	-57.668755	72.669624	49.060333	479.36862	-51.633453	-3.8146974e-09	-0.011345594	1.3671875e-06	-0.03567256	462.7698	-199.08197	21963.793	-2516.7246	0	0	1.6663396	0.0	1.6781543	0.00974834	1680000.0	16072.529881000519
84	-189.24887	219.15097	271.787	-540.6715	1103.5	1092.3291	3340.0	0.0	1000.0	1310300.0	0.7707647058823529	-22.8494	27.84016	89.500946	-60.407513	87.91156	57.81528	481.09143	-12.441331	-6.4849854e-09	-0.012841804	1.4648438e-06	0.03755952	668.84485	-304.1256	36261.324	-6474.8887	0	0	1.5433601	0.0	1.6401964	0.009184804	1700000.0	16265.30668258667
85	-212.99966	254.90266	459.70486	-525.0379	729.0	1073.7406	4240.0	0.0	1000.0	1324880.0	0.7702790697674419	-20.900688	28.354456	97.20502	-78.10239	104.9553	84.55324	492.16418	-90.958984	1.8310548e-08	-0.012924567	3.90625e-07	0.046484277	571.5427	-282.48404	18561.51	-3941.2344	0	0	1.5533544	0.0	1.6126084	0.009786114	1720000.0	16459.249215841293
86	-254.88266	223.31583	311.01227	-568.4235	1256.0	1406.2874	4750.0	0.0	1000.0	1350000.0	0.7758620689655172	-21.751059	28.637798	97.43799	-63.17749	101.20632	104.82182	498.24426	-21.933622	3.6621095e-08	-0.012836139	3.90625e-07	-0.10400976	626.062	-334.04666	29185.303	-7008.129	0	0	1.529607	0.0	1.6111128	0.009391488	1740000.0	16651.34876012802
87	-326.1136	173.63033	33.42143	-756.6692	1094.5	1665.6334	4790.0	0.0	1000.0	1371890.0	0.7794829545454546	-28.537476	22.449675	104.56373	-59.7817	109.273674	104.83364	513.5399	-63.628292	-1.525879e-08	-0.011217138	1.5625e-06	0.056497462	474.4501	-228.32915	30909.625	-10633.309	0	0	1.7922887	0.0	1.5974143	0.009426602	1760000.0	16843.704804182053
88	-251.24507	245.29362	239.96422	-834.8174	1361.0	1221.343	4080.0	0.0	1000.0	1399110.0	0.7860168539325842	-29.807575	24.159204	106.45618	-71.728134	75.47924	93.03662	524.4384	-56.015915	-7.629395e-09	-0.012564508	9.765625e-08	-0.1267282	592.7518	-258.90518	46918.402	-10210.125	0	0	1.6172853	0.0	1.5891831	0.009844918	1780000.0	17036.176693439484
89	-260.8607	243.36754	393.74103	-563.2631	867.0	970.7528	3130.0	0.0	1000.0	1416450.0	0.7869166666666667	-26.716837	27.70845	99.91022	-78.30675	127.78375	78.80399	530.871	-17.983582	3.6621095e-08	-0.0137896845	1.953125e-07	-0.13136552	534.9061	-235.05893	26094.596	-5600.6387	0	0	1.4411908	0.0	1.5803671	0.009521093	1800000.0	17227.519881010056
90	-257.31885	233.31972	343.27786	-628.9739	1017.0	1063.7251	3840.0	0.0	1000.0	1436790.0	0.7894450549450549	-26.233925	28.309238	99.63161	-70.51733	109.125015	83.27291	527.1422	-69.07758	-3.0517577e-09	-0.012700101	-7.8125e-07	-0.019513087	567.1328	-261.13416	34730.918	-5699.4277	0	0	1.6130135	0.0	1.5825446	0.009907655	1820000.0	17420.078114509583
91	-198.88507	205.75937	273.06268	-548.46844	1151.5	1887.3693	7110.0	0.0	1000.0	1459820.0	0.7933804347826087	-22.793606	32.982426	100.20778	-64.677444	109.94605	103.03251	530.0921	-36.175724	9.155274e-09	-0.012509816	-1.171875e-06	-0.11949922	583.4193	-246.30225	42200.2	-10468.33	0	0	1.5548582	0.0	1.5740249	0.009389395	1840000.0	17612.14442873001
92	-148.0333	349.68997	686.2939	-551.8725	717.5	882.73364	2970.0	0.0	1000.0	1474170.0	0.7925645161290322	-17.597935	31.902956	97.32275	-62.70601	83.29693	83.36435	564.1818	-38.6035	-6.1035155e-09	-0.01119585	-1.953125e-07	0.04832202	688.63086	-289.87463	17135.602	-4135.916	0	0	1.7656212	0.0	1.5550915	0.00979344	1860000.0	17803.89288687706
93	-131.88008	250.8422	351.96683	-436.60327	460.0	567.23895	1470.0	0.0	1000.0	1483370.0	0.7890265957446808	-15.762075	34.201405	114.31168	-69.43545	70.542786	59.487164	558.45087	-29.696825	-2.746582e-08	-0.014076115	0.0	0.04039922	792.0807	-337.6077	15309.755	-3266.2021	0	0	1.445706	0.0	1.5301242	0.009833653	1880000.0	17995.233114480972
94	-164.01366	272.99994	512.1655	-698.4165	1181.0	1860.0508	8270.0	0.0	1000.0	1506990.0	0.7931526315789473	-12.895561	32.38499	117.524605	-53.01447	58.232845	55.04305	555.66724	-39.54556	1.8310548e-08	-0.011515149	9.277344e-07	0.008674097	759.9269	-338.60257	62780.684	-24767.691	0	0	1.6956767	0.0	1.5133053	0.009647106	1900000.0	18185.53642320633
95	-138.30257	244.244	443.93024	-606.7976	1096.5	1663.7737	6590.0	0.0	1000.0	1528920.0	0.7963125	-15.318628	33.447357	95.51119	-61.392403	117.66825	129.17856	595.35175	-76.13497	1.0681152e-08	-0.01244306	0.0	-0.14300507	703.05597	-317.01532	39501.996	-5317.0195	0	0	1.6382241	0.0	1.5032952	0.009583043	1920000.0	18378.56301188469
96	-174.48262	242.05779	312.7593	-612.01874	473.0	665.67334	2590.0	0.0	1000.0	1538380.0	0.7929793814432989	-17.529552	30.445824	97.57768	-60.191505	83.85322	54.601967	597.23865	-52.356407	-1.2207031e-08	-0.012759858	-3.90625e-07	0.106066406	664.6701	-304.36877	12694.903	-2974.5938	0	0	1.535542	0.0	1.5123074	0.009365629	1940000.0	18570.292973041534
97	-214.68246	293.24554	483.2692	-633.56995	916.5	1060.1993	3330.0	0.0	1000.0	1556710.0	0.7942397959183674	-20.947762	30.79382	100.723404	-72.05319	53.305737	55.113434	560.3906	-36.693542	-1.525879e-08	-0.012143937	9.765625e-07	0.04871221	718.3771	-325.98862	30178.746	-6529.543	0	0	1.6897678	0.0	1.5013592	0.009629787	1960000.0	18761.967002391815
98	-184.37994	283.0891	235.43445	-693.4218	841.5	1072.2606	3580.0	0.0	1000.0	1573540.0	0.7947171717171717	-19.342503	33.843132	108.630714	-65.64705	89.22917	61.79945	600.6959	-25.69033	6.1035155e-09	-0.012177906	5.371094e-07	0.03914468	656.55133	-282.3444	25168.03	-4517.6074	0	0	1.6364995	0.0	1.4990396	0.009489074	1980000.0	18954.618824005127
99	-225.11133	228.76385	334.28705	-615.50024	1339.0	1760.7892	5940.0	0.0	1000.0	1600320.0	0.80016	-26.60659	29.229128	100.41741	-70.12973	102.83421	115.14435	585.0623	-82.77945	-9.155274e-09	-0.011266132	-1.7089844e-06	0.0671334	538.3591	-251.61728	44047.46	-11210.992	0	0	1.784658	0.0	1.4748899	0.009932181	2000000.0	19151.295956373215
